DecompositionData {
  index: &[
    0, 0x1, 0x2, 0x3, 0x4, 0x5, 0x6, 0x7, 0x8, 0x9, 0xA, 0xB, 0xC, 0xD, 0xE, 0xF, 0x10, 0x11, 0x12, 0x13, 0x14, 0x15, 0x16, 
    0x17, 0x18, 0x19, 0x1A, 0x1B, 0x1C, 0x1D, 0x1E, 0x1F, 0x20, 0x21, 0, 0, 0, 0, 0x22, 0, 0, 0, 0, 0, 0, 0, 0x23, 0x24, 0, 
    0x25, 0x26, 0, 0x27, 0x28, 0x29, 0x2A, 0x2B, 0x2C, 0, 0x2D, 0x2E, 0x2F, 0x30, 0x31, 0x32, 0x33, 0x34, 0x35, 0x36, 0x37, 
    0x38, 0, 0, 0, 0, 0, 0, 0, 0, 0, 0, 0, 0, 0, 0, 0x39, 0, 0, 0, 0x3A, 0x3B, 0x3C, 0, 0, 0, 0, 0x3D, 0x3E, 0, 0, 0, 0, 0, 
    0, 0, 0, 0, 0, 0, 0, 0, 0, 0, 0, 0, 0, 0, 0, 0, 0, 0, 0, 0, 0, 0, 0, 0, 0, 0, 0, 0, 0, 0, 0, 0, 0, 0, 0, 0, 0, 0, 0, 0, 
    0, 0, 0, 0, 0, 0, 0, 0, 0, 0, 0, 0, 0, 0, 0, 0, 0, 0, 0, 0, 0, 0, 0, 0, 0, 0, 0, 0, 0, 0, 0, 0, 0, 0, 0, 0, 0, 0, 0, 0, 
    0, 0, 0, 0, 0, 0, 0, 0, 0, 0, 0, 0, 0, 0, 0, 0, 0, 0, 0, 0, 0, 0, 0, 0, 0, 0, 0, 0, 0, 0, 0, 0, 0, 0, 0, 0, 0, 0, 0, 0, 
    0, 0, 0, 0, 0, 0, 0, 0, 0, 0, 0, 0, 0, 0, 0, 0, 0, 0, 0, 0, 0, 0, 0, 0, 0, 0, 0, 0, 0, 0, 0, 0, 0, 0, 0, 0, 0, 0, 0, 0, 
    0, 0, 0, 0, 0, 0, 0, 0, 0, 0, 0, 0, 0, 0, 0, 0, 0, 0, 0, 0, 0, 0, 0, 0, 0, 0, 0, 0, 0, 0, 0, 0, 0, 0, 0, 0, 0, 0, 0, 0, 
    0, 0, 0, 0, 0, 0, 0, 0, 0, 0, 0, 0, 0, 0, 0, 0, 0, 0, 0, 0, 0, 0, 0, 0, 0, 0, 0, 0, 0, 0x3F, 0x40, 0, 0, 0x41, 0x42, 
    0x43, 0x44, 0, 0x45, 0, 0x46, 0, 0, 0, 0, 0, 0, 0, 0, 0, 0, 0, 0, 0, 0, 0, 0, 0, 0, 0, 0, 0, 0, 0, 0, 0, 0, 0, 0, 0, 0, 
    0, 0, 0, 0, 0, 0, 0, 0, 0, 0, 0, 0, 0, 0, 0, 0, 0, 0, 0, 0, 0, 0, 0, 0, 0, 0, 0, 0, 0, 0, 0, 0, 0, 0, 0, 0, 0, 0, 0, 0, 
    0, 0, 0, 0, 0, 0, 0, 0, 0, 0, 0, 0, 0, 0, 0, 0, 0, 0, 0, 0, 0, 0, 0, 0, 0, 0, 0, 0, 0, 0, 0, 0, 0, 0, 0, 0, 0, 0, 0, 0, 
    0, 0, 0, 0, 0, 0, 0, 0, 0, 0, 0, 0, 0, 0, 0, 0, 0, 0, 0, 0, 0, 0, 0, 0, 0, 0, 0, 0, 0, 0, 0, 0, 0, 0, 0, 0, 0, 0, 0, 0, 
    0, 0, 0, 0, 0x47, 0x48, 0x49, 0x4A, 0x4B, 0, 0, 0, 0, 0, 0x4C, 0, 0, 0, 0, 0, 0, 0x4D, 0, 0x4E, 0x4F, 0, 0, 0, 0, 0, 0, 
    0, 0, 0, 0, 0, 0, 0, 0x50, 0x51, 0, 0, 0, 0, 0x52, 0, 0, 0x53, 0x54, 0x55, 0x56, 0x57, 0x58, 0x59, 0x5A, 0x5B, 0x5C, 0, 
    0x5D, 0x5E, 0, 0x5F, 0x60, 0x61, 0x62, 0, 0x63, 0, 0x64, 0x65, 0x66, 0x67, 0, 0, 0x68, 0, 0x69, 0x6A, 0, 0, 0x6B, 0, 0, 
    0, 0, 0, 0, 0, 0, 0, 0, 0, 0, 0, 0, 0, 0, 0, 0, 0, 0, 0, 0, 0, 0, 0, 0, 0, 0, 0, 0, 0, 0, 0, 0, 0, 0, 0, 0, 0, 0, 0, 0, 
    0, 0, 0, 0, 0, 0, 0, 0, 0, 0, 0, 0, 0, 0, 0, 0, 0, 0, 0, 0, 0, 0, 0, 0, 0, 0, 0, 0, 0, 0, 0, 0, 0, 0, 0, 0, 0, 0, 0, 0, 
    0, 0, 0, 0, 0, 0, 0, 0, 0, 0, 0, 0, 0, 0, 0, 0, 0, 0, 0, 0, 0, 0, 0, 0, 0, 0, 0, 0, 0, 0, 0, 0, 0, 0, 0, 0, 0, 0, 0, 0, 
    0, 0, 0, 0, 0, 0, 0, 0, 0, 0, 0, 0, 0, 0, 0, 0, 0, 0, 0, 0, 0, 0, 0, 0, 0, 0, 0, 0, 0x6C, 0x6D, 0, 0, 0, 0, 0, 0, 0, 0, 
    0x6E, 0, 0, 0, 0, 0, 0, 0, 0, 0, 0, 0, 0, 0, 0, 0, 0, 0, 0, 0, 0, 0, 0, 0, 0, 0, 0, 0, 0, 0, 0, 0, 0, 0, 0, 0, 0, 0, 0, 
    0, 0, 0, 0, 0, 0, 0, 0, 0, 0, 0, 0, 0, 0, 0, 0, 0, 0, 0, 0, 0, 0, 0, 0, 0, 0, 0, 0, 0, 0, 0, 0, 0, 0, 0, 0, 0, 0, 0, 0, 
    0, 0, 0, 0, 0, 0, 0, 0, 0, 0, 0, 0, 0, 0, 0, 0, 0, 0, 0, 0, 0, 0, 0, 0, 0, 0, 0, 0, 0, 0, 0, 0, 0, 0, 0, 0, 0, 0, 0, 0, 
    0, 0, 0, 0, 0, 0, 0, 0, 0, 0, 0, 0, 0, 0, 0, 0, 0, 0, 0, 0, 0, 0, 0, 0, 0, 0, 0, 0, 0, 0, 0, 0, 0, 0, 0, 0x6F, 0, 0, 0, 
    0, 0, 0, 0, 0, 0, 0, 0, 0, 0, 0, 0, 0, 0, 0, 0, 0, 0, 0, 0, 0, 0, 0, 0, 0, 0, 0, 0, 0, 0, 0, 0, 0, 0, 0, 0, 0, 0x70, 
    0x71, 0x72, 0, 0, 0, 0, 0, 0, 0, 0, 0, 0, 0, 0, 0, 0, 0, 0, 0, 0, 0, 0, 0, 0, 0, 0, 0, 0, 0, 0x73, 0x74, 0x75, 0, 0, 
    0x76, 0, 0, 0, 0x77, 0, 0, 0, 0, 0, 0, 0, 0x78, 0x79, 0, 0, 0, 0, 0, 0, 0, 0, 0, 0, 0, 0, 0, 0, 0, 0, 0, 0, 0, 0, 0, 0, 
    0, 0, 0, 0, 0, 0, 0, 0, 0, 0, 0, 0, 0, 0, 0, 0, 0, 0, 0, 0, 0, 0, 0, 0, 0, 0, 0, 0, 0, 0, 0, 0, 0, 0, 0, 0, 0, 0, 0, 0, 
    0, 0, 0, 0, 0, 0, 0, 0, 0, 0, 0, 0, 0, 0, 0, 0, 0, 0, 0, 0, 0, 0, 0, 0, 0, 0, 0, 0, 0, 0, 0, 0, 0, 0, 0, 0, 0, 0, 0, 0, 
    0, 0, 0, 0, 0, 0, 0, 0, 0, 0, 0, 0, 0, 0, 0, 0, 0, 0, 0, 0, 0, 0, 0, 0, 0, 0, 0, 0, 0, 0, 0, 0, 0, 0, 0, 0, 0, 0, 0, 0, 
    0, 0, 0, 0, 0, 0, 0, 0, 0, 0, 0, 0, 0, 0, 0, 0, 0, 0, 0, 0, 0, 0, 0, 0, 0, 0, 0, 0, 0, 0, 0, 0, 0, 0, 0, 0, 0, 0, 0, 0, 
    0, 0, 0, 0, 0, 0, 0, 0, 0, 0, 0, 0, 0, 0, 0, 0, 0, 0, 0, 0, 0, 0, 0, 0, 0, 0, 0, 0, 0, 0, 0, 0, 0, 0, 0, 0, 0, 0, 0, 0, 
    0, 0, 0, 0, 0, 0, 0, 0, 0, 0, 0, 0, 0, 0, 0, 0, 0, 0, 0, 0, 0, 0, 0, 0, 0, 0, 0, 0, 0, 0, 0, 0, 0, 0, 0, 0, 0, 0, 0, 0, 
    0, 0, 0, 0, 0, 0, 0, 0, 0, 0, 0, 0, 0, 0, 0, 0, 0, 0, 0, 0, 0, 0, 0, 0, 0, 0, 0, 0, 0, 0, 0, 0, 0, 0, 0, 0, 0, 0, 0, 0, 
    0, 0, 0, 0, 0, 0, 0, 0, 0, 0, 0, 0, 0, 0, 0, 0, 0, 0, 0, 0, 0, 0, 0, 0, 0, 0, 0, 0, 0, 0, 0, 0, 0, 0, 0, 0, 0, 0, 0, 0, 
    0, 0, 0, 0, 0, 0, 0, 0, 0, 0, 0, 0, 0, 0, 0, 0, 0, 0, 0, 0, 0, 0, 0, 0, 0, 0, 0, 0, 0, 0, 0, 0, 0, 0, 0, 0, 0, 0, 0, 0, 
    0, 0, 0, 0, 0, 0, 0, 0, 0, 0, 0, 0, 0, 0, 0, 0, 0, 0, 0, 0, 0, 0, 0, 0, 0, 0, 0, 0, 0, 0, 0, 0, 0, 0, 0, 0, 0, 0, 0, 0, 
    0, 0, 0, 0, 0, 0, 0, 0, 0, 0, 0, 0, 0, 0, 0, 0, 0, 0, 0, 0, 0, 0, 0, 0, 0, 0, 0, 0, 0, 0, 0, 0, 0, 0, 0, 0, 0, 0, 0, 0, 
    0, 0, 0, 0, 0, 0, 0, 0, 0, 0, 0, 0, 0, 0, 0, 0, 0, 0, 0, 0, 0, 0, 0, 0, 0, 0, 0, 0, 0, 0, 0, 0, 0, 0, 0, 0, 0, 0, 0, 0, 
    0, 0, 0, 0, 0, 0, 0, 0, 0, 0, 0, 0, 0, 0, 0, 0, 0, 0, 0, 0, 0, 0, 0, 0, 0, 0, 0, 0, 0, 0, 0, 0, 0, 0, 0, 0, 0, 0, 0, 
    0x7A, 0x7B, 0x7C, 0x7D, 0x7E, 
  ],
  data: &[
    0, 0, 0, 0, 0, 0, 0, 0, 0, 0, 0, 0, 0, 0, 0, 0, 0, 0, 0, 0, 0, 0, 0, 0, 0, 0, 0, 0, 0, 0, 0, 0, 0, 0, 0, 0, 0, 0, 0, 0, 
    0, 0, 0, 0, 0, 0, 0, 0, 0, 0, 0, 0, 0, 0, 0, 0, 0, 0, 0, 0, 0, 0, 0, 0, 0, 0, 0, 0, 0, 0, 0, 0, 0, 0, 0, 0, 0, 0, 0, 0, 
    0, 0, 0, 0, 0, 0, 0, 0, 0, 0, 0, 0, 0, 0, 0, 0, 0, 0, 0, 0, 0, 0, 0, 0, 0, 0, 0, 0, 0, 0, 0, 0, 0, 0, 0, 0, 0, 0, 0, 0, 
    0, 0, 0, 0, 0, 0, 0, 0, 0, 0, 0, 0, 0, 0, 0, 0, 0, 0, 0, 0, 0, 0, 0, 0, 0, 0, 0, 0, 0, 0, 0, 0, 0, 0, 0, 0, 0, 0, 0, 0, 
    0, 0, 0, 0, 0, 0, 0, 0, 0, 0, 0, 0, 0, 0, 0, 0, 0, 0, 0, 0, 0, 0, 0, 0, 0, 0, 0, 0, 0, 0, 0, 0, 0x3000041E602, 
    0x3010041E602, 0x3020041E602, 0x3030041E602, 0x3080041E602, 0x30A0041E602, 0, 0x3270043CA02, 0x3000045E602, 
    0x3010045E602, 0x3020045E602, 0x3080045E602, 0x3000049E602, 0x3010049E602, 0x3020049E602, 0x3080049E602, 0, 
    0x303004EE602, 0x300004FE602, 0x301004FE602, 0x302004FE602, 0x303004FE602, 0x308004FE602, 0, 0, 0x3000055E602, 
    0x3010055E602, 0x3020055E602, 0x3080055E602, 0x3010059E602, 0, 0, 0x3000061E602, 0x3010061E602, 0x3020061E602, 
    0x3030061E602, 0x3080061E602, 0x30A0061E602, 0, 0x3270063CA02, 0x3000065E602, 0x3010065E602, 0x3020065E602, 
    0x3080065E602, 0x3000069E602, 0x3010069E602, 0x3020069E602, 0x3080069E602, 0, 0x303006EE602, 0x300006FE602, 
    0x301006FE602, 0x302006FE602, 0x303006FE602, 0x308006FE602, 0, 0, 0x3000075E602, 0x3010075E602, 0x3020075E602, 
    0x3080075E602, 0x3010079E602, 0, 0x3080079E602, 0x3040041E602, 0x3040061E602, 0x3060041E602, 0x3060061E602, 
    0x3280041CA02, 0x3280061CA02, 0x3010043E602, 0x3010063E602, 0x3020043E602, 0x3020063E602, 0x3070043E602, 0x3070063E602, 
    0x30C0043E602, 0x30C0063E602, 0x30C0044E602, 0x30C0064E602, 0, 0, 0x3040045E602, 0x3040065E602, 0x3060045E602, 
    0x3060065E602, 0x3070045E602, 0x3070065E602, 0x3280045CA02, 0x3280065CA02, 0x30C0045E602, 0x30C0065E602, 0x3020047E602, 
    0x3020067E602, 0x3060047E602, 0x3060067E602, 0x3070047E602, 0x3070067E602, 0x3270047CA02, 0x3270067CA02, 0x3020048E602, 
    0x3020068E602, 0, 0, 0x3030049E602, 0x3030069E602, 0x3040049E602, 0x3040069E602, 0x3060049E602, 0x3060069E602, 
    0x3280049CA02, 0x3280069CA02, 0x3070049E602, 0, 0, 0, 0x302004AE602, 0x302006AE602, 0x327004BCA02, 0x327006BCA02, 0, 
    0x301004CE602, 0x301006CE602, 0x327004CCA02, 0x327006CCA02, 0x30C004CE602, 0x30C006CE602, 0, 0, 0, 0, 0x301004EE602, 
    0x301006EE602, 0x327004ECA02, 0x327006ECA02, 0x30C004EE602, 0x30C006EE602, 0, 0, 0, 0x304004FE602, 0x304006FE602, 
    0x306004FE602, 0x306006FE602, 0x30B004FE602, 0x30B006FE602, 0, 0, 0x3010052E602, 0x3010072E602, 0x3270052CA02, 
    0x3270072CA02, 0x30C0052E602, 0x30C0072E602, 0x3010053E602, 0x3010073E602, 0x3020053E602, 0x3020073E602, 0x3270053CA02, 
    0x3270073CA02, 0x30C0053E602, 0x30C0073E602, 0x3270054CA02, 0x3270074CA02, 0x30C0054E602, 0x30C0074E602, 0, 0, 
    0x3030055E602, 0x3030075E602, 0x3040055E602, 0x3040075E602, 0x3060055E602, 0x3060075E602, 0x30A0055E602, 0x30A0075E602, 
    0x30B0055E602, 0x30B0075E602, 0x3280055CA02, 0x3280075CA02, 0x3020057E602, 0x3020077E602, 0x3020059E602, 0x3020079E602, 
    0x3080059E602, 0x301005AE602, 0x301007AE602, 0x307005AE602, 0x307007AE602, 0x30C005AE602, 0x30C007AE602, 0, 0, 0, 0, 0, 
    0, 0, 0, 0, 0, 0, 0, 0, 0, 0, 0, 0, 0, 0, 0, 0, 0, 0, 0, 0, 0, 0, 0, 0, 0, 0, 0, 0, 0x31B004FD802, 0x31B006FD802, 0, 0, 
    0, 0, 0, 0, 0, 0, 0, 0, 0, 0, 0, 0x31B0055D802, 0x31B0075D802, 0, 0, 0, 0, 0, 0, 0, 0, 0, 0, 0, 0, 0, 0, 0, 0, 0, 0, 0, 
    0, 0, 0, 0, 0, 0, 0, 0, 0, 0x30C0041E602, 0x30C0061E602, 0x30C0049E602, 0x30C0069E602, 0x30C004FE602, 0x30C006FE602, 
    0x30C0055E602, 0x30C0075E602, 0xE6E6030403080055, 0xE6E6030403080075, 0xE6E6030103080055, 0xE6E6030103080075, 
    0xE6E6030C03080055, 0xE6E6030C03080075, 0xE6E6030003080055, 0xE6E6030003080075, 0, 0xE6E6030403080041, 
    0xE6E6030403080061, 0xE6E6030403070041, 0xE6E6030403070061, 0x30400C6E602, 0x30400E6E602, 0, 0, 0x30C0047E602, 
    0x30C0067E602, 0x30C004BE602, 0x30C006BE602, 0x328004FCA02, 0x328006FCA02, 0xE6CA03040328004F, 0xE6CA03040328006F, 
    0x30C01B7E602, 0x30C0292E602, 0x30C006AE602, 0, 0, 0, 0x3010047E602, 0x3010067E602, 0, 0, 0x300004EE602, 0x300006EE602, 
    0xE6E60301030A0041, 0xE6E60301030A0061, 0x30100C6E602, 0x30100E6E602, 0x30100D8E602, 0x30100F8E602, 0x30F0041E602, 
    0x30F0061E602, 0x3110041E602, 0x3110061E602, 0x30F0045E602, 0x30F0065E602, 0x3110045E602, 0x3110065E602, 0x30F0049E602, 
    0x30F0069E602, 0x3110049E602, 0x3110069E602, 0x30F004FE602, 0x30F006FE602, 0x311004FE602, 0x311006FE602, 0x30F0052E602, 
    0x30F0072E602, 0x3110052E602, 0x3110072E602, 0x30F0055E602, 0x30F0075E602, 0x3110055E602, 0x3110075E602, 0x3260053DC02, 
    0x3260073DC02, 0x3260054DC02, 0x3260074DC02, 0, 0, 0x30C0048E602, 0x30C0068E602, 0, 0, 0, 0, 0, 0, 0x3070041E602, 
    0x3070061E602, 0x3270045CA02, 0x3270065CA02, 0xE6E603040308004F, 0xE6E603040308006F, 0xE6E603040303004F, 
    0xE6E603040303006F, 0x307004FE602, 0x307006FE602, 0xE6E603040307004F, 0xE6E603040307006F, 0x3040059E602, 0x3040079E602, 
    0, 0, 0, 0, 0, 0, 0, 0, 0, 0, 0, 0, 0, 0, 0, 0, 0, 0, 0, 0, 0, 0, 0, 0, 0, 0, 0, 0, 0, 0, 0, 0, 0, 0, 0, 0, 0, 0, 0, 0, 
    0, 0, 0, 0, 0, 0, 0, 0, 0, 0, 0, 0, 0, 0, 0, 0, 0, 0, 0, 0, 0, 0, 0, 0, 0, 0, 0, 0, 0, 0, 0, 0, 0, 0, 0, 0, 0, 0, 0, 0, 
    0, 0, 0, 0, 0, 0, 0, 0, 0, 0, 0, 0, 0, 0, 0, 0, 0, 0, 0, 0, 0, 0, 0, 0, 0, 0, 0, 0, 0, 0, 0, 0, 0, 0, 0, 0, 0, 0, 0, 0, 
    0, 0, 0, 0, 0, 0, 0, 0, 0, 0, 0, 0, 0, 0, 0, 0, 0, 0, 0, 0, 0, 0, 0, 0, 0, 0, 0, 0, 0, 0, 0, 0, 0, 0, 0, 0, 0, 0, 0, 0, 
    0, 0, 0, 0, 0, 0, 0, 0, 0, 0, 0, 0, 0, 0, 0, 0, 0, 0, 0, 0, 0, 0, 0, 0, 0, 0, 0, 0, 0, 0, 0, 0, 0, 0, 0, 0, 0, 0, 0, 0, 
    0, 0, 0, 0, 0xE601, 0xE601, 0xE601, 0xE601, 0xE601, 0xE601, 0xE601, 0xE601, 0xE601, 0xE601, 0xE601, 0xE601, 0xE601, 
    0xE601, 0xE601, 0xE601, 0xE601, 0xE601, 0xE601, 0xE601, 0xE601, 0xE801, 0xDC01, 0xDC01, 0xDC01, 0xDC01, 0xE801, 0xD801, 
    0xDC01, 0xDC01, 0xDC01, 0xDC01, 0xDC01, 0xCA01, 0xCA01, 0xDC01, 0xDC01, 0xDC01, 0xDC01, 0xCA01, 0xCA01, 0xDC01, 0xDC01, 
    0xDC01, 0xDC01, 0xDC01, 0xDC01, 0xDC01, 0xDC01, 0xDC01, 0xDC01, 0xDC01, 0x101, 0x101, 0x101, 0x101, 0x101, 0xDC01, 
    0xDC01, 0xDC01, 0xDC01, 0xE601, 0xE601, 0xE601, 0x104, 0x10104, 0xE601, 0x20104, 0x30204, 0xF001, 0xE601, 0xDC01, 
    0xDC01, 0xDC01, 0xE601, 0xE601, 0xE601, 0xDC01, 0xDC01, 0, 0xE601, 0xE601, 0xE601, 0xDC01, 0xDC01, 0xDC01, 0xDC01, 
    0xE601, 0xE801, 0xDC01, 0xDC01, 0xE601, 0xE901, 0xEA01, 0xEA01, 0xE901, 0xEA01, 0xEA01, 0xE901, 0xE601, 0xE601, 0xE601, 
    0xE601, 0xE601, 0xE601, 0xE601, 0xE601, 0xE601, 0xE601, 0xE601, 0xE601, 0xE601, 0, 0, 0, 0, 0x2B900000003, 0, 0, 0, 0, 
    0, 0, 0, 0, 0, 0x3B00000003, 0, 0, 0, 0, 0, 0, 0x30100A8E602, 0x3010391E602, 0xB700000003, 0x3010395E602, 
    0x3010397E602, 0x3010399E602, 0, 0x301039FE602, 0, 0x30103A5E602, 0x30103A9E602, 0xE6E60301030803B9, 0, 0, 0, 0, 0, 0, 
    0, 0, 0, 0, 0, 0, 0, 0, 0, 0, 0, 0, 0, 0, 0, 0, 0, 0, 0, 0x3080399E602, 0x30803A5E602, 0x30103B1E602, 0x30103B5E602, 
    0x30103B7E602, 0x30103B9E602, 0xE6E60301030803C5, 0, 0, 0, 0, 0, 0, 0, 0, 0, 0, 0, 0, 0, 0, 0, 0, 0, 0, 0, 0, 0, 0, 0, 
    0, 0, 0x30803B9E602, 0x30803C5E602, 0x30103BFE602, 0x30103C5E602, 0x30103C9E602, 0, 0, 0, 0, 0x30103D2E602, 
    0x30803D2E602, 0, 0, 0, 0, 0, 0, 0, 0, 0, 0, 0, 0, 0, 0, 0, 0, 0, 0, 0, 0, 0, 0, 0, 0, 0, 0, 0, 0, 0, 0, 0, 0, 0, 0, 0, 
    0, 0, 0, 0, 0, 0, 0, 0, 0x3000415E602, 0x3080415E602, 0, 0x3010413E602, 0, 0, 0, 0x3080406E602, 0, 0, 0, 0, 
    0x301041AE602, 0x3000418E602, 0x3060423E602, 0, 0, 0, 0, 0, 0, 0, 0, 0, 0, 0x3060418E602, 0, 0, 0, 0, 0, 0, 0, 0, 0, 0, 
    0, 0, 0, 0, 0, 0, 0, 0, 0, 0, 0, 0, 0, 0, 0, 0, 0, 0, 0, 0, 0, 0x3060438E602, 0, 0, 0, 0, 0, 0, 0, 0, 0, 0, 0, 0, 0, 0, 
    0, 0, 0, 0, 0, 0, 0, 0, 0x3000435E602, 0x3080435E602, 0, 0x3010433E602, 0, 0, 0, 0x3080456E602, 0, 0, 0, 0, 
    0x301043AE602, 0x3000438E602, 0x3060443E602, 0, 0, 0, 0, 0, 0, 0, 0, 0, 0, 0, 0, 0, 0, 0, 0, 0, 0, 0, 0, 0, 0, 0, 
    0x30F0474E602, 0x30F0475E602, 0, 0, 0, 0, 0, 0, 0, 0, 0, 0, 0, 0xE601, 0xE601, 0xE601, 0xE601, 0xE601, 0, 0, 0, 0, 0, 
    0, 0, 0, 0, 0, 0, 0, 0, 0, 0, 0, 0, 0, 0, 0, 0, 0, 0, 0, 0, 0, 0, 0, 0, 0, 0, 0, 0, 0, 0, 0, 0, 0, 0, 0, 0, 0, 0, 0, 0, 
    0, 0, 0, 0, 0, 0, 0, 0, 0, 0, 0, 0, 0x3060416E602, 0x3060436E602, 0, 0, 0, 0, 0, 0, 0, 0, 0, 0, 0, 0, 0, 0x3060410E602, 
    0x3060430E602, 0x3080410E602, 0x3080430E602, 0, 0, 0x3060415E602, 0x3060435E602, 0, 0, 0x30804D8E602, 0x30804D9E602, 
    0x3080416E602, 0x3080436E602, 0x3080417E602, 0x3080437E602, 0, 0, 0x3040418E602, 0x3040438E602, 0x3080418E602, 
    0x3080438E602, 0x308041EE602, 0x308043EE602, 0, 0, 0x30804E8E602, 0x30804E9E602, 0x308042DE602, 0x308044DE602, 
    0x3040423E602, 0x3040443E602, 0x3080423E602, 0x3080443E602, 0x30B0423E602, 0x30B0443E602, 0x3080427E602, 0x3080447E602, 
    0, 0, 0x308042BE602, 0x308044BE602, 0, 0, 0, 0, 0, 0, 0, 0, 0, 0, 0, 0, 0, 0, 0, 0, 0, 0, 0, 0, 0, 0, 0, 0, 0, 0, 0, 0, 
    0, 0, 0, 0, 0, 0, 0, 0, 0, 0, 0, 0, 0, 0, 0, 0, 0, 0, 0, 0, 0, 0, 0, 0, 0, 0, 0, 0, 0, 0, 0, 0, 0, 0, 0, 0, 0, 0, 0, 0, 
    0, 0, 0, 0, 0, 0, 0, 0, 0, 0, 0, 0, 0, 0, 0, 0, 0, 0, 0, 0, 0, 0, 0, 0, 0, 0, 0, 0, 0, 0, 0, 0, 0, 0, 0, 0, 0, 0, 0, 0, 
    0, 0, 0, 0, 0, 0, 0, 0, 0, 0, 0, 0, 0, 0, 0, 0, 0, 0, 0, 0, 0, 0, 0, 0, 0, 0, 0, 0, 0, 0, 0, 0, 0, 0, 0, 0, 0, 0, 0, 0, 
    0, 0, 0, 0xDC01, 0xE601, 0xE601, 0xE601, 0xE601, 0xDC01, 0xE601, 0xE601, 0xE601, 0xDE01, 0xDC01, 0xE601, 0xE601, 
    0xE601, 0xE601, 0xE601, 0xE601, 0xDC01, 0xDC01, 0xDC01, 0xDC01, 0xDC01, 0xDC01, 0xE601, 0xE601, 0xDC01, 0xE601, 0xE601, 
    0xDE01, 0xE401, 0xE601, 0xA01, 0xB01, 0xC01, 0xD01, 0xE01, 0xF01, 0x1001, 0x1101, 0x1201, 0x1301, 0x1301, 0x1401, 
    0x1501, 0x1601, 0, 0x1701, 0, 0x1801, 0x1901, 0, 0xE601, 0xDC01, 0, 0x1201, 0, 0, 0, 0, 0, 0, 0, 0, 0, 0, 0, 0, 0, 0, 
    0, 0, 0, 0, 0, 0, 0, 0, 0, 0, 0, 0, 0, 0, 0, 0, 0, 0, 0, 0, 0, 0, 0, 0, 0, 0, 0, 0, 0, 0, 0, 0, 0, 0, 0, 0, 0, 0, 0, 0, 
    0, 0, 0, 0, 0, 0, 0, 0, 0, 0, 0, 0, 0, 0, 0, 0, 0, 0, 0xE601, 0xE601, 0xE601, 0xE601, 0xE601, 0xE601, 0xE601, 0xE601, 
    0x1E01, 0x1F01, 0x2001, 0, 0, 0, 0, 0, 0, 0, 0x6530627E602, 0x6540627E602, 0x6540648E602, 0x6550627DC02, 0x654064AE602, 
    0, 0, 0, 0, 0, 0, 0, 0, 0, 0, 0, 0, 0, 0, 0, 0, 0, 0, 0, 0, 0, 0, 0, 0, 0, 0, 0, 0, 0, 0, 0, 0, 0, 0, 0, 0, 0x1B01, 
    0x1C01, 0x1D01, 0x1E01, 0x1F01, 0x2001, 0x2101, 0x2201, 0xE601, 0xE601, 0xDC01, 0xDC01, 0xE601, 0xE601, 0xE601, 0xE601, 
    0xE601, 0xDC01, 0xE601, 0xE601, 0xDC01, 0, 0, 0, 0, 0, 0, 0, 0, 0, 0, 0, 0, 0, 0, 0, 0, 0x2301, 0, 0, 0, 0, 0, 0, 0, 0, 
    0, 0, 0, 0, 0, 0, 0, 0, 0, 0, 0, 0, 0, 0, 0, 0, 0, 0, 0, 0, 0, 0, 0, 0, 0, 0, 0, 0, 0, 0, 0, 0, 0, 0, 0, 0, 0, 0, 0, 0, 
    0, 0, 0, 0, 0, 0, 0, 0, 0, 0, 0, 0, 0, 0, 0, 0, 0, 0, 0, 0, 0, 0, 0, 0, 0, 0, 0, 0, 0, 0, 0, 0x65406D5E602, 0, 
    0x65406C1E602, 0, 0, 0, 0, 0, 0, 0, 0, 0, 0, 0, 0, 0, 0, 0, 0, 0x65406D2E602, 0, 0, 0xE601, 0xE601, 0xE601, 0xE601, 
    0xE601, 0xE601, 0xE601, 0, 0, 0xE601, 0xE601, 0xE601, 0xE601, 0xDC01, 0xE601, 0, 0, 0xE601, 0xE601, 0, 0xDC01, 0xE601, 
    0xE601, 0xDC01, 0, 0, 0, 0, 0, 0, 0, 0, 0, 0, 0, 0, 0, 0, 0, 0, 0, 0, 0, 0, 0, 0, 0, 0, 0, 0, 0, 0, 0, 0, 0, 0, 0, 0, 
    0, 0x2401, 0, 0, 0, 0, 0, 0, 0, 0, 0, 0, 0, 0, 0, 0, 0, 0, 0, 0, 0, 0, 0, 0, 0, 0, 0, 0, 0, 0, 0, 0, 0xE601, 0xDC01, 
    0xE601, 0xE601, 0xDC01, 0xE601, 0xE601, 0xDC01, 0xDC01, 0xDC01, 0xE601, 0xDC01, 0xDC01, 0xE601, 0xDC01, 0xE601, 0xE601, 
    0xE601, 0xDC01, 0xE601, 0xDC01, 0xE601, 0xDC01, 0xE601, 0xDC01, 0xE601, 0xE601, 0, 0, 0, 0, 0, 0, 0, 0, 0, 0, 0, 0, 0, 
    0, 0, 0, 0, 0, 0, 0, 0, 0, 0, 0, 0, 0, 0, 0, 0, 0, 0, 0, 0, 0, 0, 0, 0, 0, 0, 0, 0, 0, 0, 0, 0, 0, 0, 0, 0, 0, 0, 0, 0, 
    0, 0, 0, 0, 0, 0, 0, 0, 0, 0, 0, 0, 0, 0, 0, 0, 0, 0, 0, 0, 0, 0, 0, 0, 0, 0, 0, 0, 0, 0, 0, 0, 0, 0, 0, 0, 0, 0, 0, 0, 
    0, 0, 0, 0, 0, 0, 0, 0, 0, 0, 0, 0, 0, 0, 0, 0, 0, 0, 0, 0, 0, 0, 0, 0, 0, 0, 0, 0, 0, 0, 0, 0, 0, 0, 0, 0, 0, 0, 0, 0, 
    0, 0, 0, 0, 0, 0, 0, 0, 0, 0, 0, 0, 0, 0, 0, 0, 0, 0, 0, 0, 0, 0, 0, 0, 0, 0, 0, 0xE601, 0xE601, 0xE601, 0xE601, 
    0xE601, 0xE601, 0xE601, 0xDC01, 0xE601, 0, 0, 0, 0, 0, 0, 0, 0, 0, 0xDC01, 0, 0, 0, 0, 0, 0, 0, 0, 0, 0, 0, 0, 0, 0, 0, 
    0, 0, 0, 0, 0, 0, 0, 0, 0, 0xE601, 0xE601, 0xE601, 0xE601, 0, 0xE601, 0xE601, 0xE601, 0xE601, 0xE601, 0xE601, 0xE601, 
    0xE601, 0xE601, 0, 0xE601, 0xE601, 0xE601, 0, 0xE601, 0xE601, 0xE601, 0xE601, 0xE601, 0, 0, 0, 0, 0, 0, 0, 0, 0, 0, 0, 
    0, 0, 0, 0, 0, 0, 0, 0, 0, 0, 0, 0, 0, 0, 0, 0, 0, 0, 0, 0, 0, 0, 0, 0, 0, 0, 0, 0, 0, 0, 0, 0, 0xDC01, 0xDC01, 0xDC01, 
    0, 0, 0, 0, 0, 0, 0, 0, 0, 0, 0, 0, 0, 0, 0, 0, 0, 0, 0, 0, 0, 0, 0, 0, 0, 0, 0, 0, 0, 0, 0, 0, 0, 0, 0, 0, 0, 0, 0, 0, 
    0, 0, 0, 0, 0, 0, 0, 0, 0, 0, 0, 0, 0, 0, 0, 0, 0, 0, 0, 0, 0xE601, 0xDC01, 0xDC01, 0xDC01, 0xE601, 0xE601, 0xE601, 
    0xE601, 0, 0, 0, 0, 0, 0, 0, 0, 0, 0, 0, 0, 0, 0, 0, 0, 0, 0, 0, 0, 0, 0, 0, 0, 0, 0, 0, 0, 0, 0, 0, 0, 0, 0, 0, 0, 0, 
    0, 0, 0, 0, 0, 0xE601, 0xE601, 0xE601, 0xE601, 0xE601, 0xDC01, 0xDC01, 0xDC01, 0xDC01, 0xDC01, 0xE601, 0xE601, 0xE601, 
    0xE601, 0xE601, 0xE601, 0xE601, 0xE601, 0xE601, 0xE601, 0xE601, 0xE601, 0xE601, 0xE601, 0, 0xDC01, 0xE601, 0xE601, 
    0xDC01, 0xE601, 0xE601, 0xDC01, 0xE601, 0xE601, 0xE601, 0xDC01, 0xDC01, 0xDC01, 0x1B01, 0x1C01, 0x1D01, 0xE601, 0xE601, 
    0xE601, 0xDC01, 0xE601, 0xE601, 0xDC01, 0xDC01, 0xE601, 0xE601, 0xE601, 0xE601, 0xE601, 0, 0, 0, 0, 0, 0, 0, 0, 0, 0, 
    0, 0, 0, 0, 0, 0, 0, 0, 0, 0, 0, 0, 0, 0, 0, 0, 0, 0, 0, 0, 0, 0, 0, 0, 0, 0, 0, 0, 0, 0, 0, 0x93C09280702, 0, 0, 0, 0, 
    0, 0, 0, 0x93C09300702, 0, 0, 0x93C09330702, 0, 0, 0, 0, 0, 0, 0, 0x701, 0, 0, 0, 0, 0, 0, 0, 0, 0, 0, 0, 0, 0, 0, 0, 
    0, 0x901, 0, 0, 0, 0xE601, 0xDC01, 0xE601, 0xE601, 0, 0, 0, 0x93C09150702, 0x93C09160702, 0x93C09170702, 0x93C091C0702, 
    0x93C09210702, 0x93C09220702, 0x93C092B0702, 0x93C092F0702, 0, 0, 0, 0, 0, 0, 0, 0, 0, 0, 0, 0, 0, 0, 0, 0, 0, 0, 0, 0, 
    0, 0, 0, 0, 0, 0, 0, 0, 0, 0, 0, 0, 0, 0, 0, 0, 0, 0, 0, 0, 0, 0, 0, 0, 0, 0, 0, 0, 0, 0, 0, 0, 0, 0, 0, 0, 0, 0, 0, 0, 
    0, 0, 0, 0, 0, 0, 0, 0, 0, 0, 0, 0, 0, 0, 0, 0, 0, 0, 0, 0, 0, 0, 0, 0, 0, 0, 0, 0, 0, 0, 0, 0, 0x701, 0, 0, 0, 0, 0, 
    0, 0, 0, 0, 0, 0, 0, 0, 0, 0x9BE09C70002, 0x9D709C70002, 0x901, 0, 0, 0, 0, 0, 0, 0, 0, 0, 0, 0, 0, 0, 0, 
    0x9BC09A10702, 0x9BC09A20702, 0, 0x9BC09AF0702, 0, 0, 0, 0, 0, 0, 0, 0, 0, 0, 0, 0, 0, 0, 0, 0, 0, 0, 0, 0, 0, 0, 0, 0, 
    0, 0, 0, 0, 0, 0, 0xE601, 0, 0, 0, 0, 0, 0, 0, 0, 0, 0, 0, 0, 0, 0, 0, 0, 0, 0, 0, 0, 0, 0, 0, 0, 0, 0, 0, 0, 0, 0, 0, 
    0, 0, 0, 0, 0, 0, 0, 0, 0, 0, 0, 0, 0, 0, 0, 0, 0, 0, 0, 0, 0, 0xA3C0A320702, 0, 0, 0xA3C0A380702, 0, 0, 0, 0, 0, 
    0x701, 0, 0, 0, 0, 0, 0, 0, 0, 0, 0, 0, 0, 0, 0, 0, 0, 0x901, 0, 0, 0, 0, 0, 0, 0, 0, 0, 0, 0, 0xA3C0A160702, 
    0xA3C0A170702, 0xA3C0A1C0702, 0, 0, 0xA3C0A2B0702, 0, 0, 0, 0, 0, 0, 0, 0, 0, 0, 0, 0, 0, 0, 0, 0, 0, 0, 0, 0, 0, 0, 0, 
    0, 0, 0, 0, 0, 0, 0, 0, 0, 0, 0, 0, 0, 0, 0, 0, 0, 0, 0, 0, 0, 0, 0, 0, 0, 0, 0, 0, 0, 0, 0, 0, 0, 0, 0, 0, 0, 0, 0, 0, 
    0, 0, 0, 0, 0, 0, 0, 0, 0, 0, 0, 0, 0, 0, 0, 0, 0, 0, 0, 0, 0, 0, 0, 0, 0, 0, 0, 0, 0, 0, 0x701, 0, 0, 0, 0, 0, 0, 0, 
    0, 0, 0, 0, 0, 0, 0, 0, 0, 0x901, 0, 0, 0, 0, 0, 0, 0, 0, 0, 0, 0, 0, 0, 0, 0, 0, 0, 0, 0, 0, 0, 0, 0, 0, 0, 0, 0, 0, 
    0, 0, 0, 0, 0, 0, 0, 0, 0, 0, 0, 0, 0, 0, 0, 0, 0, 0, 0, 0, 0, 0, 0, 0, 0, 0, 0, 0, 0, 0, 0, 0, 0, 0, 0, 0, 0, 0, 0, 0, 
    0, 0, 0, 0, 0, 0, 0, 0, 0, 0, 0, 0, 0, 0, 0, 0, 0, 0, 0, 0, 0, 0, 0, 0, 0, 0, 0, 0, 0, 0, 0, 0, 0, 0, 0, 0, 0, 0, 0, 0, 
    0, 0, 0x701, 0, 0, 0, 0, 0, 0, 0, 0, 0, 0, 0, 0xB560B470002, 0, 0, 0xB3E0B470002, 0xB570B470002, 0x901, 0, 0, 0, 0, 0, 
    0, 0, 0, 0, 0, 0, 0, 0, 0, 0xB3C0B210702, 0xB3C0B220702, 0, 0, 0, 0, 0, 0, 0, 0, 0, 0, 0, 0, 0, 0, 0, 0, 0, 0, 0, 0, 0, 
    0, 0, 0, 0, 0, 0, 0, 0, 0, 0, 0, 0, 0, 0, 0, 0, 0, 0, 0, 0, 0, 0, 0, 0, 0, 0, 0, 0, 0, 0, 0, 0, 0, 0xBD70B920002, 0, 0, 
    0, 0, 0, 0, 0, 0, 0, 0, 0, 0, 0, 0, 0, 0, 0, 0, 0, 0, 0, 0, 0, 0, 0, 0, 0, 0, 0, 0, 0, 0, 0, 0, 0, 0, 0, 0, 0, 0, 0, 0, 
    0, 0, 0, 0, 0, 0, 0, 0, 0, 0, 0, 0xBBE0BC60002, 0xBBE0BC70002, 0xBD70BC60002, 0x901, 0, 0, 0, 0, 0, 0, 0, 0, 0, 0, 0, 
    0, 0, 0, 0, 0, 0, 0, 0, 0, 0, 0, 0, 0, 0, 0, 0, 0, 0, 0, 0, 0, 0, 0, 0, 0, 0, 0, 0, 0, 0, 0, 0, 0, 0, 0, 0, 0, 0, 0, 0, 
    0, 0, 0, 0, 0, 0, 0, 0, 0, 0, 0, 0, 0, 0, 0, 0, 0, 0, 0, 0, 0, 0, 0, 0, 0, 0, 0, 0, 0, 0, 0, 0, 0, 0, 0, 0, 0, 0, 0, 0, 
    0, 0, 0, 0, 0, 0, 0, 0, 0, 0, 0, 0, 0, 0, 0, 0, 0, 0, 0, 0x701, 0, 0, 0, 0, 0, 0, 0, 0, 0, 0, 0, 0xC560C465B02, 0, 0, 
    0, 0, 0x901, 0, 0, 0, 0, 0, 0, 0, 0x5401, 0x5B01, 0, 0, 0, 0, 0, 0, 0, 0, 0, 0, 0, 0, 0, 0, 0, 0, 0, 0, 0, 0, 0, 0, 0, 
    0, 0, 0, 0, 0, 0, 0, 0, 0, 0, 0, 0, 0, 0, 0, 0, 0, 0, 0, 0, 0, 0, 0, 0, 0, 0, 0, 0, 0, 0, 0, 0, 0, 0, 0, 0, 0, 0, 0, 0, 
    0, 0, 0, 0, 0, 0, 0, 0, 0, 0, 0, 0, 0, 0, 0, 0, 0, 0, 0, 0, 0, 0, 0, 0, 0, 0, 0, 0, 0, 0, 0, 0, 0, 0, 0, 0, 0, 0, 
    0x701, 0, 0, 0, 0xCD50CBF0002, 0, 0, 0, 0, 0, 0, 0xCD50CC60002, 0xCD60CC60002, 0, 0xCC20CC60002, 0xCD50CC20CC6, 0, 
    0x901, 0, 0, 0, 0, 0, 0, 0, 0, 0, 0, 0, 0, 0, 0, 0, 0, 0, 0, 0, 0, 0, 0, 0, 0, 0, 0, 0, 0, 0, 0, 0, 0, 0, 0, 0, 0, 0, 
    0, 0, 0, 0, 0, 0, 0, 0, 0, 0, 0, 0, 0, 0, 0, 0, 0, 0, 0, 0, 0, 0, 0, 0, 0, 0, 0, 0, 0, 0, 0, 0, 0, 0, 0, 0, 0, 0, 0, 0, 
    0, 0, 0, 0, 0, 0, 0, 0, 0, 0, 0, 0, 0, 0, 0, 0, 0, 0, 0, 0, 0, 0, 0, 0, 0, 0, 0, 0, 0, 0, 0, 0, 0x901, 0x901, 0, 0, 0, 
    0, 0, 0, 0, 0, 0, 0, 0, 0, 0, 0xD3E0D460002, 0xD3E0D470002, 0xD570D460002, 0x901, 0, 0, 0, 0, 0, 0, 0, 0, 0, 0, 0, 0, 
    0, 0, 0, 0, 0, 0, 0, 0, 0, 0, 0, 0, 0, 0, 0, 0, 0, 0, 0, 0, 0, 0, 0, 0, 0, 0, 0, 0, 0, 0, 0, 0, 0, 0, 0, 0, 0, 0, 0, 0, 
    0, 0, 0, 0, 0, 0, 0, 0, 0, 0, 0, 0, 0, 0, 0, 0, 0, 0, 0, 0, 0, 0, 0, 0, 0, 0, 0, 0, 0, 0, 0, 0, 0, 0, 0, 0, 0, 0, 0, 0, 
    0, 0, 0, 0, 0, 0, 0, 0, 0, 0, 0, 0, 0, 0, 0, 0, 0, 0, 0, 0, 0, 0, 0, 0, 0, 0, 0, 0, 0, 0, 0, 0, 0x901, 0, 0, 0, 0, 0, 
    0, 0, 0, 0, 0, 0, 0, 0, 0, 0, 0xDCA0DD90902, 0, 0xDCF0DD90002, 0x9000DCA0DCF0DD9, 0xDDF0DD90002, 0, 0, 0, 0, 0, 0, 0, 
    0, 0, 0, 0, 0, 0, 0, 0, 0, 0, 0, 0, 0, 0, 0, 0, 0, 0, 0, 0, 0, 0, 0, 0, 0, 0, 0, 0, 0, 0, 0, 0, 0, 0, 0, 0, 0, 0, 0, 0, 
    0, 0, 0, 0, 0, 0, 0, 0, 0, 0, 0, 0, 0, 0, 0, 0, 0, 0, 0, 0, 0, 0, 0, 0, 0, 0, 0, 0, 0, 0, 0, 0, 0, 0, 0, 0, 0, 0, 0, 0, 
    0, 0, 0x6701, 0x6701, 0x901, 0, 0, 0, 0, 0, 0, 0, 0, 0, 0, 0, 0, 0, 0x6B01, 0x6B01, 0x6B01, 0x6B01, 0, 0, 0, 0, 0, 0, 
    0, 0, 0, 0, 0, 0, 0, 0, 0, 0, 0, 0, 0, 0, 0, 0, 0, 0, 0, 0, 0, 0, 0, 0, 0, 0, 0, 0, 0, 0, 0, 0, 0, 0, 0, 0, 0, 0, 0, 0, 
    0, 0, 0, 0, 0, 0, 0, 0, 0, 0, 0, 0, 0, 0, 0, 0, 0, 0, 0, 0, 0, 0, 0, 0, 0, 0, 0, 0, 0, 0, 0, 0, 0, 0, 0, 0, 0, 0, 0, 0, 
    0, 0, 0, 0, 0, 0, 0, 0, 0, 0, 0, 0, 0, 0, 0, 0, 0, 0, 0, 0, 0, 0, 0x7601, 0x7601, 0x901, 0, 0, 0, 0, 0, 0, 0, 0, 0, 0, 
    0, 0, 0, 0x7A01, 0x7A01, 0x7A01, 0x7A01, 0, 0, 0, 0, 0, 0, 0, 0, 0, 0, 0, 0, 0, 0, 0, 0, 0, 0, 0, 0, 0, 0, 0, 0, 0, 0, 
    0, 0, 0, 0, 0, 0, 0, 0, 0, 0, 0, 0, 0, 0, 0, 0, 0, 0, 0, 0, 0, 0, 0, 0, 0, 0, 0, 0, 0, 0, 0, 0, 0, 0, 0, 0, 0, 0, 0, 0, 
    0, 0, 0, 0, 0, 0, 0, 0, 0, 0, 0xDC01, 0xDC01, 0, 0, 0, 0, 0, 0, 0, 0, 0, 0, 0, 0, 0, 0, 0, 0, 0, 0, 0, 0, 0, 0, 0, 0, 
    0, 0, 0, 0xDC01, 0, 0xDC01, 0, 0xD801, 0, 0, 0, 0, 0, 0, 0, 0, 0, 0xFB70F420002, 0, 0, 0, 0, 0, 0, 0, 0, 0, 
    0xFB70F4C0002, 0, 0, 0, 0, 0xFB70F510002, 0, 0, 0, 0, 0xFB70F560002, 0, 0, 0, 0, 0xFB70F5B0002, 0, 0, 0, 0, 0, 0, 0, 0, 
    0, 0, 0, 0, 0xFB50F400002, 0, 0, 0, 0, 0, 0, 0, 0x8101, 0x8201, 0x50204, 0x8401, 0x70204, 0xF800FB28202, 0, 
    0xF800FB38202, 0, 0x8201, 0x8201, 0x8201, 0x8201, 0, 0, 0x8201, 0x90204, 0xE601, 0xE601, 0x901, 0, 0xE601, 0xE601, 0, 
    0, 0, 0, 0, 0, 0, 0, 0, 0, 0, 0xFB70F920002, 0, 0, 0, 0, 0, 0, 0, 0, 0, 0xFB70F9C0002, 0, 0, 0, 0, 0xFB70FA10002, 0, 0, 
    0, 0, 0xFB70FA60002, 0, 0, 0, 0, 0xFB70FAB0002, 0, 0, 0, 0, 0, 0, 0, 0, 0, 0, 0, 0, 0xFB50F900002, 0, 0, 0, 0, 0, 0, 0, 
    0, 0, 0, 0, 0, 0xDC01, 0, 0, 0, 0, 0, 0, 0, 0, 0, 0, 0, 0, 0, 0, 0, 0, 0, 0, 0, 0, 0, 0, 0, 0, 0, 0, 0, 0, 0, 0, 0, 0, 
    0, 0, 0, 0, 0, 0, 0, 0, 0, 0, 0, 0, 0, 0, 0, 0, 0, 0, 0, 0, 0, 0, 0, 0, 0, 0, 0, 0, 0, 0, 0, 0, 0, 0, 0, 0, 0, 0, 0, 0, 
    0, 0, 0, 0, 0, 0, 0, 0, 0, 0, 0, 0, 0, 0, 0, 0, 0, 0, 0, 0, 0, 0, 0, 0x102E10250002, 0, 0, 0, 0, 0, 0, 0, 0, 0, 0, 0, 
    0, 0, 0, 0, 0, 0x701, 0, 0x901, 0x901, 0, 0, 0, 0, 0, 0, 0, 0, 0, 0, 0, 0, 0, 0, 0, 0, 0, 0, 0, 0, 0, 0, 0, 0, 0, 0, 0, 
    0, 0, 0, 0, 0, 0, 0, 0, 0, 0, 0, 0, 0, 0, 0, 0, 0, 0, 0, 0, 0, 0, 0, 0, 0, 0, 0, 0, 0, 0, 0, 0, 0, 0, 0, 0, 0, 0, 0, 0, 
    0, 0, 0, 0, 0, 0, 0, 0, 0, 0, 0, 0, 0, 0, 0, 0xDC01, 0, 0, 0, 0, 0, 0, 0, 0, 0, 0, 0, 0, 0, 0, 0, 0, 0, 0, 0, 0, 0, 0, 
    0, 0, 0, 0, 0, 0, 0, 0, 0, 0, 0, 0, 0, 0, 0, 0, 0, 0, 0, 0, 0, 0, 0, 0, 0, 0, 0, 0, 0, 0, 0, 0, 0, 0, 0, 0, 0, 0, 0, 0, 
    0, 0, 0, 0, 0, 0, 0, 0, 0, 0, 0, 0, 0, 0, 0, 0, 0, 0, 0, 0, 0, 0, 0, 0, 0, 0, 0, 0, 0, 0, 0, 0, 0, 0, 0, 0, 0, 0, 0, 0, 
    0, 0, 0, 0, 0, 0, 0, 0, 0, 0, 0, 0, 0, 0, 0, 0, 0, 0, 0, 0, 0, 0, 0, 0, 0, 0, 0, 0, 0, 0, 0, 0, 0, 0, 0, 0, 0, 0, 0, 0, 
    0, 0, 0, 0, 0, 0, 0, 0, 0, 0, 0, 0, 0, 0, 0, 0, 0, 0, 0, 0, 0, 0, 0, 0, 0, 0, 0, 0, 0, 0, 0, 0, 0, 0, 0, 0, 0, 0, 0, 0, 
    0, 0, 0, 0, 0, 0, 0, 0, 0, 0, 0, 0, 0, 0, 0, 0, 0, 0, 0, 0, 0, 0, 0, 0, 0, 0xE601, 0xE601, 0xE601, 0, 0, 0, 0, 0, 0, 0, 
    0, 0, 0, 0, 0, 0, 0, 0, 0, 0, 0, 0, 0, 0, 0, 0, 0, 0, 0, 0, 0, 0, 0, 0, 0, 0, 0, 0, 0, 0, 0, 0, 0, 0, 0, 0, 0, 0, 0, 0, 
    0, 0, 0, 0, 0, 0x901, 0x901, 0, 0, 0, 0, 0, 0, 0, 0, 0, 0, 0, 0, 0, 0, 0, 0, 0, 0, 0, 0, 0, 0, 0, 0, 0, 0, 0, 0, 0, 0, 
    0x901, 0, 0, 0, 0, 0, 0, 0, 0, 0, 0, 0, 0, 0, 0, 0, 0, 0, 0, 0, 0, 0, 0, 0, 0, 0, 0, 0, 0, 0, 0, 0, 0, 0, 0, 0, 0, 0, 
    0, 0, 0, 0, 0, 0, 0, 0, 0, 0, 0, 0, 0, 0, 0, 0, 0, 0, 0, 0, 0, 0, 0, 0, 0, 0, 0, 0, 0, 0, 0, 0, 0, 0, 0, 0, 0, 0, 0, 0, 
    0, 0, 0, 0, 0, 0, 0, 0, 0, 0, 0, 0, 0, 0, 0, 0, 0, 0, 0, 0, 0, 0, 0, 0, 0, 0, 0, 0, 0, 0, 0, 0, 0, 0, 0, 0, 0, 0, 0, 0, 
    0, 0, 0, 0, 0, 0, 0, 0, 0, 0, 0, 0, 0, 0, 0, 0, 0, 0, 0, 0, 0, 0, 0, 0, 0, 0, 0, 0, 0, 0, 0, 0, 0, 0, 0, 0, 0, 0, 0, 0, 
    0x901, 0, 0, 0, 0, 0, 0, 0, 0, 0, 0, 0xE601, 0, 0, 0, 0, 0, 0, 0, 0, 0, 0, 0, 0, 0, 0, 0, 0, 0, 0, 0, 0, 0, 0, 0, 0, 0, 
    0, 0, 0, 0, 0, 0, 0, 0, 0, 0, 0, 0, 0, 0, 0, 0, 0, 0, 0, 0, 0, 0, 0, 0, 0, 0, 0, 0, 0, 0, 0, 0, 0, 0, 0, 0, 0, 0, 0, 0, 
    0, 0, 0, 0, 0, 0, 0, 0, 0, 0, 0xE401, 0, 0, 0, 0, 0, 0, 0, 0, 0, 0, 0, 0, 0, 0, 0, 0, 0, 0, 0, 0, 0, 0, 0, 0, 0, 0, 0, 
    0, 0, 0, 0, 0, 0, 0, 0, 0, 0, 0, 0, 0, 0, 0, 0, 0, 0, 0, 0, 0, 0, 0, 0, 0, 0, 0, 0, 0, 0, 0, 0, 0, 0, 0, 0, 0, 0, 0, 0, 
    0, 0, 0, 0, 0, 0, 0, 0, 0, 0, 0, 0, 0, 0, 0, 0, 0, 0, 0, 0, 0, 0, 0, 0, 0, 0, 0, 0, 0, 0, 0, 0, 0, 0, 0, 0, 0, 0, 0, 0, 
    0, 0, 0, 0, 0, 0, 0, 0, 0, 0, 0, 0, 0, 0, 0, 0, 0, 0, 0, 0, 0, 0, 0, 0, 0, 0, 0, 0, 0, 0, 0, 0, 0, 0, 0, 0, 0xDE01, 
    0xE601, 0xDC01, 0, 0, 0, 0, 0, 0, 0, 0, 0, 0, 0, 0, 0, 0, 0, 0, 0, 0, 0, 0, 0, 0, 0, 0, 0, 0, 0, 0, 0, 0, 0, 0, 0, 0, 
    0, 0, 0, 0, 0, 0, 0, 0, 0, 0, 0, 0, 0, 0, 0, 0, 0, 0, 0, 0, 0, 0, 0, 0, 0, 0, 0, 0, 0, 0, 0, 0, 0, 0, 0, 0, 0, 0, 0, 0, 
    0, 0, 0, 0, 0, 0, 0, 0, 0, 0, 0, 0, 0, 0, 0, 0, 0, 0xE601, 0xDC01, 0, 0, 0, 0, 0, 0, 0, 0, 0, 0, 0, 0, 0, 0, 0, 0, 0, 
    0, 0, 0, 0, 0, 0, 0, 0, 0, 0, 0, 0, 0, 0, 0, 0, 0, 0, 0, 0, 0, 0, 0, 0, 0, 0, 0, 0, 0, 0, 0, 0, 0, 0, 0, 0, 0, 0, 0, 0, 
    0, 0, 0, 0, 0, 0, 0, 0, 0, 0, 0, 0, 0, 0, 0x901, 0, 0, 0, 0, 0, 0, 0, 0, 0, 0, 0, 0, 0, 0, 0, 0, 0, 0, 0, 0, 0xE601, 
    0xE601, 0xE601, 0xE601, 0xE601, 0xE601, 0xE601, 0xE601, 0, 0, 0xDC01, 0, 0, 0, 0, 0, 0, 0, 0, 0, 0, 0, 0, 0, 0, 0, 0, 
    0, 0, 0, 0, 0, 0, 0, 0, 0, 0, 0, 0, 0, 0, 0, 0, 0, 0, 0, 0, 0, 0, 0, 0, 0, 0, 0, 0, 0, 0, 0, 0, 0xE601, 0xE601, 0xE601, 
    0xE601, 0xE601, 0xDC01, 0xDC01, 0xDC01, 0xDC01, 0xDC01, 0xDC01, 0xE601, 0xE601, 0xDC01, 0, 0xDC01, 0xDC01, 0xE601, 
    0xE601, 0xDC01, 0xDC01, 0xE601, 0xE601, 0xE601, 0xE601, 0xE601, 0xDC01, 0xE601, 0xE601, 0xE601, 0xE601, 0, 0, 0, 0, 0, 
    0, 0, 0, 0, 0, 0, 0, 0, 0, 0, 0, 0, 0, 0, 0, 0, 0, 0, 0, 0, 0, 0, 0, 0, 0, 0, 0, 0, 0, 0, 0, 0, 0, 0, 0, 0, 0, 0, 0, 0, 
    0, 0, 0, 0, 0, 0, 0, 0, 0, 0, 0x1B351B050002, 0, 0x1B351B070002, 0, 0x1B351B090002, 0, 0x1B351B0B0002, 0, 
    0x1B351B0D0002, 0, 0, 0, 0x1B351B110002, 0, 0, 0, 0, 0, 0, 0, 0, 0, 0, 0, 0, 0, 0, 0, 0, 0, 0, 0, 0, 0, 0, 0, 0, 0, 0, 
    0, 0, 0, 0, 0, 0, 0, 0x701, 0, 0, 0, 0, 0, 0, 0x1B351B3A0002, 0, 0x1B351B3C0002, 0, 0, 0x1B351B3E0002, 0x1B351B3F0002, 
    0, 0x1B351B420002, 0x901, 0, 0, 0, 0, 0, 0, 0, 0, 0, 0, 0, 0, 0, 0, 0, 0, 0, 0, 0, 0, 0, 0, 0, 0, 0, 0, 0, 0, 0, 0, 0, 
    0, 0, 0, 0, 0, 0, 0, 0xE601, 0xDC01, 0xE601, 0xE601, 0xE601, 0xE601, 0xE601, 0xE601, 0xE601, 0, 0, 0, 0, 0, 0, 0, 0, 0, 
    0, 0, 0, 0, 0, 0, 0, 0, 0, 0, 0, 0, 0, 0, 0, 0, 0, 0, 0, 0, 0, 0, 0, 0, 0, 0, 0, 0, 0, 0, 0, 0, 0, 0, 0, 0, 0, 0, 0, 0, 
    0, 0, 0, 0, 0, 0x901, 0x901, 0, 0, 0, 0, 0, 0, 0, 0, 0, 0, 0, 0, 0, 0, 0, 0, 0, 0, 0, 0, 0, 0, 0, 0, 0, 0, 0, 0, 0, 0, 
    0, 0, 0, 0, 0, 0, 0, 0, 0, 0, 0, 0, 0, 0, 0, 0, 0, 0, 0, 0, 0, 0, 0, 0, 0, 0, 0, 0, 0x701, 0, 0, 0, 0, 0, 0, 0, 0, 0, 
    0, 0, 0x901, 0x901, 0, 0, 0, 0, 0, 0, 0, 0, 0, 0, 0, 0, 0, 0, 0, 0, 0, 0, 0, 0, 0, 0, 0, 0, 0, 0, 0, 0, 0, 0, 0, 0, 0, 
    0, 0, 0, 0, 0, 0, 0, 0, 0, 0, 0, 0, 0, 0, 0, 0, 0, 0, 0, 0, 0, 0, 0, 0, 0, 0, 0, 0, 0, 0, 0, 0, 0, 0, 0x701, 0, 0, 0, 
    0, 0, 0, 0, 0, 0, 0, 0, 0, 0, 0, 0, 0, 0, 0, 0, 0, 0, 0, 0, 0, 0, 0, 0, 0, 0, 0, 0, 0, 0, 0, 0, 0, 0, 0, 0, 0, 0, 0, 0, 
    0, 0, 0, 0, 0, 0, 0, 0, 0, 0, 0, 0, 0, 0, 0, 0, 0, 0, 0, 0, 0, 0, 0, 0, 0, 0, 0, 0, 0, 0, 0, 0, 0, 0, 0, 0, 0, 0, 0, 0, 
    0, 0, 0, 0, 0, 0, 0, 0, 0, 0, 0, 0, 0, 0, 0, 0, 0, 0, 0, 0, 0, 0, 0, 0, 0, 0, 0, 0, 0, 0, 0, 0, 0, 0, 0, 0, 0, 0, 0, 0, 
    0, 0, 0, 0, 0, 0, 0, 0, 0, 0, 0, 0, 0, 0, 0, 0, 0, 0, 0, 0, 0, 0, 0, 0, 0, 0, 0, 0, 0, 0xE601, 0xE601, 0xE601, 0, 
    0x101, 0xDC01, 0xDC01, 0xDC01, 0xDC01, 0xDC01, 0xE601, 0xE601, 0xDC01, 0xDC01, 0xDC01, 0xDC01, 0xE601, 0, 0x101, 0x101, 
    0x101, 0x101, 0x101, 0x101, 0x101, 0, 0, 0, 0, 0xDC01, 0, 0, 0, 0, 0, 0, 0xE601, 0, 0, 0, 0xE601, 0xE601, 0, 0, 0, 0, 
    0, 0, 0, 0, 0, 0, 0, 0, 0, 0, 0, 0, 0, 0, 0, 0, 0, 0, 0, 0, 0, 0, 0, 0, 0, 0, 0, 0, 0, 0, 0, 0, 0, 0, 0, 0, 0, 0, 0, 0, 
    0, 0, 0, 0, 0, 0, 0, 0, 0, 0, 0, 0, 0, 0, 0, 0, 0, 0, 0, 0, 0, 0, 0, 0, 0, 0, 0xE601, 0xE601, 0xDC01, 0xE601, 0xE601, 
    0xE601, 0xE601, 0xE601, 0xE601, 0xE601, 0xDC01, 0xE601, 0xE601, 0xEA01, 0xD601, 0xDC01, 0xCA01, 0xE601, 0xE601, 0xE601, 
    0xE601, 0xE601, 0xE601, 0xE601, 0xE601, 0xE601, 0xE601, 0xE601, 0xE601, 0xE601, 0xE601, 0xE601, 0xE601, 0xE601, 0xE601, 
    0xE601, 0xE601, 0xE601, 0xE601, 0xE601, 0xE601, 0xE601, 0xE601, 0xE601, 0xE601, 0xE601, 0xE601, 0xE601, 0xE601, 0xE601, 
    0xE601, 0xE601, 0xE601, 0xE601, 0xE801, 0xE401, 0xE401, 0xDC01, 0xDA01, 0xE601, 0xE901, 0xDC01, 0xE601, 0xDC01, 
    0x3250041DC02, 0x3250061DC02, 0x3070042E602, 0x3070062E602, 0x3230042DC02, 0x3230062DC02, 0x3310042DC02, 0x3310062DC02, 
    0xE6CA030103270043, 0xE6CA030103270063, 0x3070044E602, 0x3070064E602, 0x3230044DC02, 0x3230064DC02, 0x3310044DC02, 
    0x3310064DC02, 0x3270044CA02, 0x3270064CA02, 0x32D0044DC02, 0x32D0064DC02, 0xE6E6030003040045, 0xE6E6030003040065, 
    0xE6E6030103040045, 0xE6E6030103040065, 0x32D0045DC02, 0x32D0065DC02, 0x3300045DC02, 0x3300065DC02, 0xE6CA030603270045, 
    0xE6CA030603270065, 0x3070046E602, 0x3070066E602, 0x3040047E602, 0x3040067E602, 0x3070048E602, 0x3070068E602, 
    0x3230048DC02, 0x3230068DC02, 0x3080048E602, 0x3080068E602, 0x3270048CA02, 0x3270068CA02, 0x32E0048DC02, 0x32E0068DC02, 
    0x3300049DC02, 0x3300069DC02, 0xE6E6030103080049, 0xE6E6030103080069, 0x301004BE602, 0x301006BE602, 0x323004BDC02, 
    0x323006BDC02, 0x331004BDC02, 0x331006BDC02, 0x323004CDC02, 0x323006CDC02, 0xE6DC03040323004C, 0xE6DC03040323006C, 
    0x331004CDC02, 0x331006CDC02, 0x32D004CDC02, 0x32D006CDC02, 0x301004DE602, 0x301006DE602, 0x307004DE602, 0x307006DE602, 
    0x323004DDC02, 0x323006DDC02, 0x307004EE602, 0x307006EE602, 0x323004EDC02, 0x323006EDC02, 0x331004EDC02, 0x331006EDC02, 
    0x32D004EDC02, 0x32D006EDC02, 0xE6E603010303004F, 0xE6E603010303006F, 0xE6E603080303004F, 0xE6E603080303006F, 
    0xE6E603000304004F, 0xE6E603000304006F, 0xE6E603010304004F, 0xE6E603010304006F, 0x3010050E602, 0x3010070E602, 
    0x3070050E602, 0x3070070E602, 0x3070052E602, 0x3070072E602, 0x3230052DC02, 0x3230072DC02, 0xE6DC030403230052, 
    0xE6DC030403230072, 0x3310052DC02, 0x3310072DC02, 0x3070053E602, 0x3070073E602, 0x3230053DC02, 0x3230073DC02, 
    0xE6E6030703010053, 0xE6E6030703010073, 0xE6E60307030C0053, 0xE6E60307030C0073, 0xE6DC030703230053, 0xE6DC030703230073, 
    0x3070054E602, 0x3070074E602, 0x3230054DC02, 0x3230074DC02, 0x3310054DC02, 0x3310074DC02, 0x32D0054DC02, 0x32D0074DC02, 
    0x3240055DC02, 0x3240075DC02, 0x3300055DC02, 0x3300075DC02, 0x32D0055DC02, 0x32D0075DC02, 0xE6E6030103030055, 
    0xE6E6030103030075, 0xE6E6030803040055, 0xE6E6030803040075, 0x3030056E602, 0x3030076E602, 0x3230056DC02, 0x3230076DC02, 
    0x3000057E602, 0x3000077E602, 0x3010057E602, 0x3010077E602, 0x3080057E602, 0x3080077E602, 0x3070057E602, 0x3070077E602, 
    0x3230057DC02, 0x3230077DC02, 0x3070058E602, 0x3070078E602, 0x3080058E602, 0x3080078E602, 0x3070059E602, 0x3070079E602, 
    0x302005AE602, 0x302007AE602, 0x323005ADC02, 0x323007ADC02, 0x331005ADC02, 0x331007ADC02, 0x3310068DC02, 0x3080074E602, 
    0x30A0077E602, 0x30A0079E602, 0, 0x307017FE602, 0, 0, 0, 0, 0x3230041DC02, 0x3230061DC02, 0x3090041E602, 0x3090061E602, 
    0xE6E6030103020041, 0xE6E6030103020061, 0xE6E6030003020041, 0xE6E6030003020061, 0xE6E6030903020041, 0xE6E6030903020061, 
    0xE6E6030303020041, 0xE6E6030303020061, 0xE6DC030203230041, 0xE6DC030203230061, 0xE6E6030103060041, 0xE6E6030103060061, 
    0xE6E6030003060041, 0xE6E6030003060061, 0xE6E6030903060041, 0xE6E6030903060061, 0xE6E6030303060041, 0xE6E6030303060061, 
    0xE6DC030603230041, 0xE6DC030603230061, 0x3230045DC02, 0x3230065DC02, 0x3090045E602, 0x3090065E602, 0x3030045E602, 
    0x3030065E602, 0xE6E6030103020045, 0xE6E6030103020065, 0xE6E6030003020045, 0xE6E6030003020065, 0xE6E6030903020045, 
    0xE6E6030903020065, 0xE6E6030303020045, 0xE6E6030303020065, 0xE6DC030203230045, 0xE6DC030203230065, 0x3090049E602, 
    0x3090069E602, 0x3230049DC02, 0x3230069DC02, 0x323004FDC02, 0x323006FDC02, 0x309004FE602, 0x309006FE602, 
    0xE6E603010302004F, 0xE6E603010302006F, 0xE6E603000302004F, 0xE6E603000302006F, 0xE6E603090302004F, 0xE6E603090302006F, 
    0xE6E603030302004F, 0xE6E603030302006F, 0xE6DC03020323004F, 0xE6DC03020323006F, 0xE6D80301031B004F, 0xE6D80301031B006F, 
    0xE6D80300031B004F, 0xE6D80300031B006F, 0xE6D80309031B004F, 0xE6D80309031B006F, 0xE6D80303031B004F, 0xE6D80303031B006F, 
    0xDCD80323031B004F, 0xDCD80323031B006F, 0x3230055DC02, 0x3230075DC02, 0x3090055E602, 0x3090075E602, 0xE6D80301031B0055, 
    0xE6D80301031B0075, 0xE6D80300031B0055, 0xE6D80300031B0075, 0xE6D80309031B0055, 0xE6D80309031B0075, 0xE6D80303031B0055, 
    0xE6D80303031B0075, 0xDCD80323031B0055, 0xDCD80323031B0075, 0x3000059E602, 0x3000079E602, 0x3230059DC02, 0x3230079DC02, 
    0x3090059E602, 0x3090079E602, 0x3030059E602, 0x3030079E602, 0, 0, 0, 0, 0, 0, 0x31303B1E602, 0x31403B1E602, 
    0xE6E60300031303B1, 0xE6E60300031403B1, 0xE6E60301031303B1, 0xE6E60301031403B1, 0xE6E60342031303B1, 0xE6E60342031403B1, 
    0x3130391E602, 0x3140391E602, 0xE6E6030003130391, 0xE6E6030003140391, 0xE6E6030103130391, 0xE6E6030103140391, 
    0xE6E6034203130391, 0xE6E6034203140391, 0x31303B5E602, 0x31403B5E602, 0xE6E60300031303B5, 0xE6E60300031403B5, 
    0xE6E60301031303B5, 0xE6E60301031403B5, 0, 0, 0x3130395E602, 0x3140395E602, 0xE6E6030003130395, 0xE6E6030003140395, 
    0xE6E6030103130395, 0xE6E6030103140395, 0, 0, 0x31303B7E602, 0x31403B7E602, 0xE6E60300031303B7, 0xE6E60300031403B7, 
    0xE6E60301031303B7, 0xE6E60301031403B7, 0xE6E60342031303B7, 0xE6E60342031403B7, 0x3130397E602, 0x3140397E602, 
    0xE6E6030003130397, 0xE6E6030003140397, 0xE6E6030103130397, 0xE6E6030103140397, 0xE6E6034203130397, 0xE6E6034203140397, 
    0x31303B9E602, 0x31403B9E602, 0xE6E60300031303B9, 0xE6E60300031403B9, 0xE6E60301031303B9, 0xE6E60301031403B9, 
    0xE6E60342031303B9, 0xE6E60342031403B9, 0x3130399E602, 0x3140399E602, 0xE6E6030003130399, 0xE6E6030003140399, 
    0xE6E6030103130399, 0xE6E6030103140399, 0xE6E6034203130399, 0xE6E6034203140399, 0x31303BFE602, 0x31403BFE602, 
    0xE6E60300031303BF, 0xE6E60300031403BF, 0xE6E60301031303BF, 0xE6E60301031403BF, 0, 0, 0x313039FE602, 0x314039FE602, 
    0xE6E603000313039F, 0xE6E603000314039F, 0xE6E603010313039F, 0xE6E603010314039F, 0, 0, 0x31303C5E602, 0x31403C5E602, 
    0xE6E60300031303C5, 0xE6E60300031403C5, 0xE6E60301031303C5, 0xE6E60301031403C5, 0xE6E60342031303C5, 0xE6E60342031403C5, 
    0, 0x31403A5E602, 0, 0xE6E60300031403A5, 0, 0xE6E60301031403A5, 0, 0xE6E60342031403A5, 0x31303C9E602, 0x31403C9E602, 
    0xE6E60300031303C9, 0xE6E60300031403C9, 0xE6E60301031303C9, 0xE6E60301031403C9, 0xE6E60342031303C9, 0xE6E60342031403C9, 
    0x31303A9E602, 0x31403A9E602, 0xE6E60300031303A9, 0xE6E60300031403A9, 0xE6E60301031303A9, 0xE6E60301031403A9, 
    0xE6E60342031303A9, 0xE6E60342031403A9, 0x30003B1E602, 0x30103B1E602, 0x30003B5E602, 0x30103B5E602, 0x30003B7E602, 
    0x30103B7E602, 0x30003B9E602, 0x30103B9E602, 0x30003BFE602, 0x30103BFE602, 0x30003C5E602, 0x30103C5E602, 0x30003C9E602, 
    0x30103C9E602, 0, 0, 0xF0E60345031303B1, 0xF0E60345031403B1, 0xB0404, 0xF0404, 0x130404, 0x170404, 0x1B0404, 0x1F0404, 
    0xF0E6034503130391, 0xF0E6034503140391, 0x230404, 0x270404, 0x2B0404, 0x2F0404, 0x330404, 0x370404, 0xF0E60345031303B7, 
    0xF0E60345031403B7, 0x3B0404, 0x3F0404, 0x430404, 0x470404, 0x4B0404, 0x4F0404, 0xF0E6034503130397, 0xF0E6034503140397, 
    0x530404, 0x570404, 0x5B0404, 0x5F0404, 0x630404, 0x670404, 0xF0E60345031303C9, 0xF0E60345031403C9, 0x6B0404, 0x6F0404, 
    0x730404, 0x770404, 0x7B0404, 0x7F0404, 0xF0E60345031303A9, 0xF0E60345031403A9, 0x830404, 0x870404, 0x8B0404, 0x8F0404, 
    0x930404, 0x970404, 0x30603B1E602, 0x30403B1E602, 0xF0E60345030003B1, 0x34503B1F002, 0xF0E60345030103B1, 0, 
    0x34203B1E602, 0xF0E60345034203B1, 0x3060391E602, 0x3040391E602, 0x3000391E602, 0x3010391E602, 0x3450391F002, 0, 
    0x3B900000003, 0, 0, 0x34200A8E602, 0xF0E60345030003B7, 0x34503B7F002, 0xF0E60345030103B7, 0, 0x34203B7E602, 
    0xF0E60345034203B7, 0x3000395E602, 0x3010395E602, 0x3000397E602, 0x3010397E602, 0x3450397F002, 0x3001FBFE602, 
    0x3011FBFE602, 0x3421FBFE602, 0x30603B9E602, 0x30403B9E602, 0xE6E60300030803B9, 0xE6E60301030803B9, 0, 0, 
    0x34203B9E602, 0xE6E60342030803B9, 0x3060399E602, 0x3040399E602, 0x3000399E602, 0x3010399E602, 0, 0x3001FFEE602, 
    0x3011FFEE602, 0x3421FFEE602, 0x30603C5E602, 0x30403C5E602, 0xE6E60300030803C5, 0xE6E60301030803C5, 0x31303C1E602, 
    0x31403C1E602, 0x34203C5E602, 0xE6E60342030803C5, 0x30603A5E602, 0x30403A5E602, 0x30003A5E602, 0x30103A5E602, 
    0x31403A1E602, 0x30000A8E602, 0x30100A8E602, 0x6000000003, 0, 0, 0xF0E60345030003C9, 0x34503C9F002, 0xF0E60345030103C9, 
    0, 0x34203C9E602, 0xF0E60345034203C9, 0x300039FE602, 0x301039FE602, 0x30003A9E602, 0x30103A9E602, 0x34503A9F002, 
    0xB400000003, 0, 0, 0x200200000003, 0x200300000003, 0, 0, 0, 0, 0, 0, 0, 0, 0, 0, 0, 0, 0, 0, 0, 0, 0, 0, 0, 0, 0, 0, 
    0, 0, 0, 0, 0, 0, 0, 0, 0, 0, 0, 0, 0, 0, 0, 0, 0, 0, 0, 0, 0, 0, 0, 0, 0, 0, 0, 0, 0, 0, 0, 0, 0, 0, 0, 0, 0, 0, 0, 0, 
    0, 0, 0, 0, 0, 0, 0, 0, 0, 0, 0, 0, 0, 0, 0, 0, 0, 0, 0, 0, 0, 0, 0, 0, 0, 0, 0, 0, 0, 0, 0, 0, 0, 0, 0, 0, 0, 0, 0, 0, 
    0, 0, 0, 0, 0, 0, 0, 0, 0, 0, 0, 0, 0, 0, 0, 0, 0, 0, 0, 0, 0, 0, 0, 0, 0, 0, 0, 0, 0, 0, 0, 0, 0, 0, 0, 0, 0, 0, 0, 0, 
    0, 0, 0, 0, 0, 0, 0, 0, 0, 0, 0, 0, 0, 0, 0, 0, 0, 0, 0, 0, 0, 0, 0, 0, 0, 0, 0, 0, 0, 0, 0, 0, 0, 0, 0, 0, 0, 0, 0, 0, 
    0, 0, 0, 0, 0, 0, 0, 0, 0, 0, 0, 0, 0, 0, 0, 0, 0, 0, 0, 0, 0, 0, 0, 0, 0xE601, 0xE601, 0x101, 0x101, 0xE601, 0xE601, 
    0xE601, 0xE601, 0x101, 0x101, 0x101, 0xE601, 0xE601, 0, 0, 0, 0, 0xE601, 0, 0, 0, 0x101, 0x101, 0xE601, 0xDC01, 0xE601, 
    0x101, 0x101, 0xDC01, 0xDC01, 0xDC01, 0xDC01, 0xE601, 0, 0, 0, 0, 0, 0, 0, 0, 0, 0, 0, 0, 0, 0, 0, 0, 0, 0, 0, 0, 0, 0, 
    0, 0, 0, 0, 0, 0, 0, 0, 0, 0, 0, 0, 0, 0, 0, 0, 0, 0, 0, 0, 0, 0, 0, 0, 0, 0, 0, 0, 0, 0, 0, 0x3A900000003, 0, 0, 0, 
    0x4B00000003, 0x30A0041E602, 0, 0, 0, 0, 0, 0, 0, 0, 0, 0, 0, 0, 0, 0, 0, 0, 0, 0, 0, 0, 0, 0, 0, 0, 0, 0, 0, 0, 0, 0, 
    0, 0, 0, 0, 0, 0, 0, 0, 0, 0, 0, 0, 0, 0, 0, 0, 0, 0, 0, 0, 0, 0, 0, 0, 0, 0, 0, 0, 0, 0, 0, 0, 0, 0, 0, 0, 0, 0, 0, 0, 
    0, 0, 0, 0, 0, 0, 0, 0, 0, 0, 0, 0, 0, 0, 0, 0, 0, 0, 0, 0, 0, 0, 0, 0, 0, 0, 0, 0, 0, 0, 0, 0, 0, 0, 0, 0, 0, 0, 0, 0, 
    0x33821900102, 0x33821920102, 0, 0, 0, 0, 0, 0, 0, 0, 0, 0, 0, 0, 0, 0, 0, 0, 0, 0, 0x33821940102, 0, 0, 0, 0, 0, 0, 0, 
    0, 0, 0, 0, 0, 0, 0, 0, 0, 0, 0, 0, 0, 0, 0, 0, 0, 0, 0, 0, 0, 0, 0, 0x33821D00102, 0x33821D40102, 0x33821D20102, 0, 0, 
    0, 0, 0, 0, 0, 0, 0, 0, 0, 0, 0, 0, 0, 0, 0, 0, 0, 0, 0, 0, 0, 0, 0, 0, 0, 0, 0, 0, 0, 0, 0, 0, 0, 0, 0, 0, 0, 0, 0, 0, 
    0, 0, 0, 0, 0, 0, 0, 0, 0, 0, 0x33822030102, 0, 0, 0, 0, 0x33822080102, 0, 0, 0x338220B0102, 0, 0, 0, 0, 0, 0, 0, 0, 0, 
    0, 0, 0, 0, 0, 0, 0, 0, 0, 0, 0, 0, 0, 0, 0x33822230102, 0, 0x33822250102, 0, 0, 0, 0, 0, 0, 0, 0, 0, 0, 0, 0, 0, 0, 0, 
    0, 0, 0, 0, 0, 0, 0, 0, 0, 0, 0, 0x338223C0102, 0, 0, 0x33822430102, 0, 0, 0x33822450102, 0, 0x33822480102, 0, 0, 0, 0, 
    0, 0, 0, 0, 0, 0, 0, 0, 0, 0, 0, 0, 0, 0, 0, 0, 0, 0, 0x338003D0102, 0, 0x33822610102, 0, 0, 0, 0, 0, 0, 0, 0, 0, 0, 
    0x338224D0102, 0x338003C0102, 0x338003E0102, 0x33822640102, 0x33822650102, 0, 0, 0x33822720102, 0x33822730102, 0, 0, 
    0x33822760102, 0x33822770102, 0, 0, 0, 0, 0, 0, 0x338227A0102, 0x338227B0102, 0, 0, 0x33822820102, 0x33822830102, 0, 0, 
    0x33822860102, 0x33822870102, 0, 0, 0, 0, 0, 0, 0, 0, 0, 0, 0, 0, 0, 0, 0, 0, 0, 0, 0, 0, 0, 0, 0, 0, 0, 0, 0, 0, 0, 0, 
    0, 0, 0, 0, 0x33822A20102, 0x33822A80102, 0x33822A90102, 0x33822AB0102, 0, 0, 0, 0, 0, 0, 0, 0, 0, 0, 0, 0, 0, 0, 0, 0, 
    0, 0, 0, 0, 0, 0, 0, 0, 0, 0, 0, 0, 0, 0, 0, 0, 0, 0, 0, 0, 0, 0, 0, 0, 0, 0, 0, 0, 0, 0, 0, 0, 0x338227C0102, 
    0x338227D0102, 0x33822910102, 0x33822920102, 0, 0, 0, 0, 0, 0, 0x33822B20102, 0x33822B30102, 0x33822B40102, 
    0x33822B50102, 0, 0, 0, 0, 0, 0, 0, 0, 0, 0, 0, 0, 0, 0, 0, 0, 0, 0, 0, 0, 0, 0, 0, 0, 0, 0, 0, 0, 0, 0, 0, 0, 0, 0, 0, 
    0, 0, 0, 0, 0, 0, 0, 0, 0, 0, 0, 0, 0, 0, 0, 0, 0, 0, 0, 0, 0, 0, 0, 0, 0x300800000003, 0x300900000003, 0, 0, 0, 0, 0, 
    0, 0, 0, 0, 0, 0, 0, 0, 0, 0, 0, 0, 0, 0, 0, 0, 0, 0, 0, 0, 0, 0, 0, 0, 0, 0, 0, 0, 0, 0, 0, 0, 0, 0, 0, 0, 0, 0, 0, 0, 
    0, 0, 0, 0, 0, 0, 0, 0, 0, 0, 0, 0, 0, 0, 0, 0, 0, 0, 0, 0, 0, 0, 0, 0, 0, 0, 0, 0, 0, 0, 0, 0, 0, 0, 0, 0, 0, 0, 0, 0, 
    0, 0, 0, 0, 0, 0, 0, 0, 0, 0, 0, 0, 0, 0, 0, 0, 0, 0, 0, 0, 0, 0, 0, 0, 0, 0, 0, 0, 0, 0, 0, 0, 0, 0, 0, 0, 0, 0, 0, 0, 
    0, 0, 0, 0, 0, 0, 0, 0, 0, 0, 0, 0, 0, 0, 0, 0, 0, 0, 0, 0, 0, 0, 0, 0, 0, 0, 0, 0, 0, 0, 0, 0, 0, 0, 0, 0, 0, 0, 0, 0, 
    0, 0, 0, 0, 0, 0, 0, 0, 0, 0, 0, 0, 0x3382ADD0102, 0, 0, 0, 0, 0, 0, 0, 0, 0, 0, 0, 0, 0, 0, 0, 0, 0, 0, 0, 0, 0, 0, 0, 
    0, 0, 0, 0, 0, 0, 0, 0, 0, 0, 0, 0, 0, 0, 0, 0, 0, 0, 0, 0, 0, 0, 0, 0, 0, 0, 0, 0, 0, 0, 0, 0, 0, 0, 0, 0, 0, 0, 0, 0, 
    0, 0, 0, 0, 0, 0, 0, 0, 0, 0, 0, 0, 0, 0, 0, 0, 0, 0, 0, 0, 0, 0, 0, 0, 0, 0, 0, 0, 0, 0, 0, 0, 0, 0, 0, 0, 0, 0, 0, 0, 
    0, 0, 0, 0, 0, 0, 0, 0, 0, 0, 0, 0, 0, 0, 0, 0, 0, 0, 0, 0, 0, 0, 0, 0, 0, 0, 0, 0, 0, 0, 0, 0, 0, 0, 0, 0, 0, 0, 0, 0, 
    0, 0, 0, 0xE601, 0xE601, 0xE601, 0, 0, 0, 0, 0, 0, 0, 0, 0, 0, 0, 0, 0, 0, 0, 0, 0, 0, 0, 0, 0, 0, 0, 0, 0, 0, 0, 0, 0, 
    0, 0, 0, 0, 0, 0, 0, 0, 0, 0, 0, 0, 0, 0, 0, 0, 0, 0, 0, 0, 0, 0, 0, 0, 0, 0, 0, 0, 0, 0, 0, 0, 0, 0, 0, 0, 0, 0, 0, 0, 
    0, 0, 0, 0, 0, 0, 0, 0, 0, 0, 0, 0, 0, 0, 0, 0, 0, 0, 0, 0, 0, 0, 0, 0, 0, 0, 0, 0, 0, 0, 0, 0, 0, 0, 0, 0, 0, 0, 0, 0, 
    0, 0, 0, 0, 0, 0, 0, 0, 0, 0, 0, 0, 0, 0, 0, 0, 0, 0, 0, 0, 0, 0, 0, 0, 0, 0, 0, 0, 0, 0, 0, 0, 0x901, 0, 0, 0, 0, 0, 
    0, 0, 0, 0, 0, 0, 0, 0, 0, 0, 0, 0, 0, 0, 0, 0, 0, 0, 0, 0, 0, 0, 0, 0, 0, 0, 0, 0, 0, 0, 0, 0, 0, 0, 0, 0, 0, 0, 0, 0, 
    0, 0, 0, 0, 0, 0, 0, 0, 0, 0, 0, 0, 0, 0, 0, 0, 0, 0, 0, 0, 0, 0, 0, 0, 0, 0, 0, 0, 0, 0, 0, 0, 0, 0, 0, 0, 0, 0, 0, 0, 
    0, 0, 0, 0, 0, 0, 0, 0, 0, 0, 0, 0xE601, 0xE601, 0xE601, 0xE601, 0xE601, 0xE601, 0xE601, 0xE601, 0xE601, 0xE601, 
    0xE601, 0xE601, 0xE601, 0xE601, 0xE601, 0xE601, 0xE601, 0xE601, 0xE601, 0xE601, 0xE601, 0xE601, 0xE601, 0xE601, 0xE601, 
    0xE601, 0xE601, 0xE601, 0xE601, 0xE601, 0xE601, 0xE601, 0, 0, 0, 0, 0, 0, 0, 0, 0, 0, 0, 0, 0, 0, 0, 0, 0, 0, 0, 0, 0, 
    0, 0, 0, 0, 0, 0, 0, 0, 0, 0, 0, 0, 0, 0, 0, 0, 0, 0, 0, 0, 0, 0xDA01, 0xE401, 0xE801, 0xDE01, 0xE001, 0xE001, 0, 0, 0, 
    0, 0, 0, 0, 0, 0, 0, 0, 0, 0, 0, 0, 0, 0, 0, 0, 0, 0, 0, 0, 0, 0, 0, 0, 0, 0x3099304B0802, 0, 0x3099304D0802, 0, 
    0x3099304F0802, 0, 0x309930510802, 0, 0x309930530802, 0, 0x309930550802, 0, 0x309930570802, 0, 0x309930590802, 0, 
    0x3099305B0802, 0, 0x3099305D0802, 0, 0x3099305F0802, 0, 0x309930610802, 0, 0, 0x309930640802, 0, 0x309930660802, 0, 
    0x309930680802, 0, 0, 0, 0, 0, 0, 0x3099306F0802, 0x309A306F0802, 0, 0x309930720802, 0x309A30720802, 0, 0x309930750802, 
    0x309A30750802, 0, 0x309930780802, 0x309A30780802, 0, 0x3099307B0802, 0x309A307B0802, 0, 0, 0, 0, 0, 0, 0, 0, 0, 0, 0, 
    0, 0, 0, 0, 0, 0, 0, 0, 0, 0, 0, 0x309930460802, 0, 0, 0, 0, 0x801, 0x801, 0, 0, 0, 0x3099309D0802, 0, 0, 0, 0, 0, 0, 
    0, 0, 0, 0, 0, 0, 0, 0x309930AB0802, 0, 0x309930AD0802, 0, 0x309930AF0802, 0, 0x309930B10802, 0, 0x309930B30802, 0, 
    0x309930B50802, 0, 0x309930B70802, 0, 0x309930B90802, 0, 0x309930BB0802, 0, 0x309930BD0802, 0, 0x309930BF0802, 0, 
    0x309930C10802, 0, 0, 0x309930C40802, 0, 0x309930C60802, 0, 0x309930C80802, 0, 0, 0, 0, 0, 0, 0x309930CF0802, 
    0x309A30CF0802, 0, 0x309930D20802, 0x309A30D20802, 0, 0x309930D50802, 0x309A30D50802, 0, 0x309930D80802, 
    0x309A30D80802, 0, 0x309930DB0802, 0x309A30DB0802, 0, 0, 0, 0, 0, 0, 0, 0, 0, 0, 0, 0, 0, 0, 0, 0, 0, 0, 0, 0, 0, 0, 
    0x309930A60802, 0, 0, 0x309930EF0802, 0x309930F00802, 0x309930F10802, 0x309930F20802, 0, 0, 0, 0x309930FD0802, 0, 0, 0, 
    0, 0, 0, 0, 0, 0, 0, 0, 0, 0, 0, 0, 0, 0, 0, 0, 0, 0, 0, 0, 0, 0, 0, 0, 0, 0, 0, 0, 0, 0, 0, 0, 0, 0, 0, 0, 0, 0, 0, 0, 
    0, 0, 0, 0, 0, 0, 0, 0, 0, 0, 0, 0, 0, 0, 0, 0, 0, 0, 0, 0, 0, 0, 0, 0, 0, 0, 0, 0, 0, 0, 0, 0, 0, 0, 0, 0, 0, 0, 0, 0, 
    0, 0, 0, 0, 0, 0, 0, 0, 0, 0, 0, 0, 0, 0, 0, 0, 0, 0, 0, 0, 0, 0, 0, 0, 0, 0, 0, 0, 0, 0xE601, 0, 0, 0, 0, 0xE601, 
    0xE601, 0xE601, 0xE601, 0xE601, 0xE601, 0xE601, 0xE601, 0xE601, 0xE601, 0, 0, 0, 0, 0, 0, 0, 0, 0, 0, 0, 0, 0, 0, 0, 0, 
    0, 0, 0, 0, 0, 0, 0, 0, 0, 0, 0, 0, 0, 0, 0, 0, 0xE601, 0xE601, 0, 0, 0, 0, 0, 0, 0, 0, 0, 0, 0, 0, 0, 0, 0, 0, 0, 0, 
    0, 0, 0, 0, 0, 0, 0, 0, 0, 0, 0, 0, 0, 0, 0, 0, 0, 0, 0, 0, 0, 0, 0, 0, 0, 0, 0, 0, 0, 0, 0, 0, 0, 0, 0, 0, 0, 0, 0, 0, 
    0, 0, 0, 0, 0, 0, 0, 0, 0, 0, 0, 0, 0, 0, 0, 0, 0, 0, 0, 0, 0, 0, 0xE601, 0xE601, 0, 0, 0, 0, 0, 0, 0, 0, 0, 0, 0, 0, 
    0, 0, 0, 0, 0, 0, 0, 0, 0x901, 0, 0, 0, 0, 0, 0, 0, 0, 0, 0, 0, 0, 0, 0, 0, 0, 0, 0, 0, 0, 0, 0, 0, 0, 0, 0, 0, 0, 0, 
    0, 0, 0, 0, 0, 0, 0, 0, 0x901, 0, 0, 0, 0, 0, 0, 0, 0, 0, 0, 0, 0, 0, 0, 0, 0, 0, 0, 0, 0, 0, 0, 0, 0, 0, 0, 0, 0, 0, 
    0, 0, 0, 0, 0, 0, 0, 0, 0, 0, 0, 0, 0, 0, 0, 0, 0, 0, 0, 0, 0, 0, 0, 0, 0, 0, 0, 0, 0, 0, 0, 0, 0, 0, 0, 0, 0, 0, 0, 0, 
    0, 0, 0, 0, 0, 0, 0, 0, 0, 0, 0, 0, 0, 0, 0, 0, 0, 0, 0, 0, 0, 0, 0, 0, 0, 0, 0, 0, 0, 0, 0, 0, 0, 0, 0, 0, 0, 0, 0, 0, 
    0, 0, 0, 0, 0, 0, 0, 0, 0, 0, 0, 0, 0, 0, 0, 0, 0, 0, 0, 0, 0, 0, 0, 0, 0, 0, 0, 0, 0, 0, 0, 0, 0, 0, 0, 0, 0, 0, 0, 0, 
    0, 0, 0x901, 0, 0, 0, 0, 0, 0, 0, 0, 0, 0, 0, 0, 0, 0, 0, 0, 0, 0, 0, 0, 0, 0, 0, 0, 0, 0, 0, 0xE601, 0xE601, 0xE601, 
    0xE601, 0xE601, 0xE601, 0xE601, 0xE601, 0xE601, 0xE601, 0xE601, 0xE601, 0xE601, 0xE601, 0xE601, 0xE601, 0xE601, 0xE601, 
    0, 0, 0, 0, 0, 0, 0, 0, 0, 0, 0, 0, 0, 0, 0, 0, 0, 0, 0, 0, 0, 0, 0, 0, 0, 0, 0, 0, 0, 0, 0, 0, 0, 0, 0, 0, 0, 0, 0, 0, 
    0, 0, 0, 0, 0, 0, 0, 0, 0, 0, 0, 0, 0, 0, 0, 0, 0, 0xDC01, 0xDC01, 0xDC01, 0, 0, 0, 0, 0, 0, 0, 0, 0, 0, 0, 0, 0, 0, 0, 
    0, 0, 0, 0, 0, 0, 0, 0, 0, 0, 0, 0, 0, 0, 0, 0, 0, 0, 0, 0, 0, 0, 0x901, 0, 0, 0, 0, 0, 0, 0, 0, 0, 0, 0, 0, 0, 0, 0, 
    0, 0, 0, 0, 0, 0, 0, 0, 0, 0, 0, 0, 0, 0, 0, 0, 0, 0, 0, 0, 0, 0, 0, 0, 0, 0, 0, 0, 0, 0, 0, 0, 0, 0, 0, 0, 0, 0, 0, 0, 
    0, 0, 0, 0, 0, 0, 0, 0, 0, 0, 0, 0, 0, 0, 0, 0, 0, 0, 0, 0, 0, 0, 0, 0, 0, 0, 0, 0, 0, 0, 0, 0, 0, 0, 0, 0, 0, 0, 0, 0, 
    0x701, 0, 0, 0, 0, 0, 0, 0, 0, 0, 0, 0, 0, 0x901, 0, 0, 0, 0, 0, 0, 0, 0, 0, 0, 0, 0, 0, 0, 0, 0, 0, 0, 0, 0, 0, 0, 0, 
    0, 0, 0, 0, 0, 0, 0, 0, 0, 0, 0, 0, 0, 0, 0, 0, 0, 0, 0, 0, 0, 0, 0, 0, 0, 0, 0, 0, 0, 0, 0, 0, 0, 0, 0, 0, 0, 0, 0, 0, 
    0, 0, 0, 0, 0, 0, 0, 0, 0, 0, 0, 0, 0, 0, 0, 0, 0, 0, 0, 0, 0, 0, 0, 0, 0, 0, 0, 0, 0, 0, 0, 0, 0, 0, 0, 0, 0, 0, 0, 0, 
    0, 0, 0, 0, 0, 0, 0, 0, 0xE601, 0, 0xE601, 0xE601, 0xDC01, 0, 0, 0xE601, 0xE601, 0, 0, 0, 0, 0, 0xE601, 0xE601, 0, 
    0xE601, 0, 0, 0, 0, 0, 0, 0, 0, 0, 0, 0, 0, 0, 0, 0, 0, 0, 0, 0, 0, 0, 0, 0, 0, 0, 0, 0, 0, 0, 0, 0, 0, 0, 0, 0, 0, 0, 
    0, 0, 0, 0, 0, 0, 0, 0, 0, 0, 0, 0, 0, 0, 0, 0x901, 0, 0, 0, 0, 0, 0, 0, 0, 0, 0, 0, 0, 0, 0, 0, 0, 0, 0, 0, 0, 0, 0, 
    0, 0, 0, 0, 0, 0, 0, 0, 0, 0, 0, 0, 0, 0, 0, 0, 0, 0, 0, 0, 0, 0, 0, 0, 0, 0, 0, 0, 0, 0, 0, 0, 0, 0, 0, 0, 0, 0, 0, 0, 
    0, 0, 0, 0, 0, 0, 0, 0, 0, 0, 0, 0, 0, 0, 0, 0, 0, 0, 0, 0, 0, 0, 0, 0, 0, 0, 0, 0, 0, 0, 0, 0, 0, 0, 0, 0, 0, 0, 0, 0, 
    0, 0, 0, 0, 0, 0, 0, 0, 0, 0, 0, 0, 0, 0, 0, 0, 0x901, 0, 0, 0, 0, 0, 0, 0, 0, 0, 0, 0, 0, 0, 0, 0, 0, 0, 0, 
    0x8C4800000003, 0x66F400000003, 0x8ECA00000003, 0x8CC800000003, 0x6ED100000003, 0x4E3200000003, 0x53E500000003, 
    0x9F9C00000003, 0x9F9C00000003, 0x595100000003, 0x91D100000003, 0x558700000003, 0x594800000003, 0x61F600000003, 
    0x766900000003, 0x7F8500000003, 0x863F00000003, 0x87BA00000003, 0x88F800000003, 0x908F00000003, 0x6A0200000003, 
    0x6D1B00000003, 0x70D900000003, 0x73DE00000003, 0x843D00000003, 0x916A00000003, 0x99F100000003, 0x4E8200000003, 
    0x537500000003, 0x6B0400000003, 0x721B00000003, 0x862D00000003, 0x9E1E00000003, 0x5D5000000003, 0x6FEB00000003, 
    0x85CD00000003, 0x896400000003, 0x62C900000003, 0x81D800000003, 0x881F00000003, 0x5ECA00000003, 0x671700000003, 
    0x6D6A00000003, 0x72FC00000003, 0x90CE00000003, 0x4F8600000003, 0x51B700000003, 0x52DE00000003, 0x64C400000003, 
    0x6AD300000003, 0x721000000003, 0x76E700000003, 0x800100000003, 0x860600000003, 0x865C00000003, 0x8DEF00000003, 
    0x973200000003, 0x9B6F00000003, 0x9DFA00000003, 0x788C00000003, 0x797F00000003, 0x7DA000000003, 0x83C900000003, 
    0x930400000003, 0x9E7F00000003, 0x8AD600000003, 0x58DF00000003, 0x5F0400000003, 0x7C6000000003, 0x807E00000003, 
    0x726200000003, 0x78CA00000003, 0x8CC200000003, 0x96F700000003, 0x58D800000003, 0x5C6200000003, 0x6A1300000003, 
    0x6DDA00000003, 0x6F0F00000003, 0x7D2F00000003, 0x7E3700000003, 0x964B00000003, 0x52D200000003, 0x808B00000003, 
    0x51DC00000003, 0x51CC00000003, 0x7A1C00000003, 0x7DBE00000003, 0x83F100000003, 0x967500000003, 0x8B8000000003, 
    0x62CF00000003, 0x6A0200000003, 0x8AFE00000003, 0x4E3900000003, 0x5BE700000003, 0x601200000003, 0x738700000003, 
    0x757000000003, 0x531700000003, 0x78FB00000003, 0x4FBF00000003, 0x5FA900000003, 0x4E0D00000003, 0x6CCC00000003, 
    0x657800000003, 0x7D2200000003, 0x53C300000003, 0x585E00000003, 0x770100000003, 0x844900000003, 0x8AAA00000003, 
    0x6BBA00000003, 0x8FB000000003, 0x6C8800000003, 0x62FE00000003, 0x82E500000003, 0x63A000000003, 0x756500000003, 
    0x4EAE00000003, 0x516900000003, 0x51C900000003, 0x688100000003, 0x7CE700000003, 0x826F00000003, 0x8AD200000003, 
    0x91CF00000003, 0x52F500000003, 0x544200000003, 0x597300000003, 0x5EEC00000003, 0x65C500000003, 0x6FFE00000003, 
    0x792A00000003, 0x95AD00000003, 0x9A6A00000003, 0x9E9700000003, 0x9ECE00000003, 0x529B00000003, 0x66C600000003, 
    0x6B7700000003, 0x8F6200000003, 0x5E7400000003, 0x619000000003, 0x620000000003, 0x649A00000003, 0x6F2300000003, 
    0x714900000003, 0x748900000003, 0x79CA00000003, 0x7DF400000003, 0x806F00000003, 0x8F2600000003, 0x84EE00000003, 
    0x902300000003, 0x934A00000003, 0x521700000003, 0x52A300000003, 0x54BD00000003, 0x70C800000003, 0x88C200000003, 
    0x8AAA00000003, 0x5EC900000003, 0x5FF500000003, 0x637B00000003, 0x6BAE00000003, 0x7C3E00000003, 0x737500000003, 
    0x4EE400000003, 0x56F900000003, 0x5BE700000003, 0x5DBA00000003, 0x601C00000003, 0x73B200000003, 0x746900000003, 
    0x7F9A00000003, 0x804600000003, 0x923400000003, 0x96F600000003, 0x974800000003, 0x981800000003, 0x4F8B00000003, 
    0x79AE00000003, 0x91B400000003, 0x96B800000003, 0x60E100000003, 0x4E8600000003, 0x50DA00000003, 0x5BEE00000003, 
    0x5C3F00000003, 0x659900000003, 0x6A0200000003, 0x71CE00000003, 0x764200000003, 0x84FC00000003, 0x907C00000003, 
    0x9F8D00000003, 0x668800000003, 0x962E00000003, 0x528900000003, 0x677B00000003, 0x67F300000003, 0x6D4100000003, 
    0x6E9C00000003, 0x740900000003, 0x755900000003, 0x786B00000003, 0x7D1000000003, 0x985E00000003, 0x516D00000003, 
    0x622E00000003, 0x967800000003, 0x502B00000003, 0x5D1900000003, 0x6DEA00000003, 0x8F2A00000003, 0x5F8B00000003, 
    0x614400000003, 0x681700000003, 0x738700000003, 0x968600000003, 0x522900000003, 0x540F00000003, 0x5C6500000003, 
    0x661300000003, 0x674E00000003, 0x68A800000003, 0x6CE500000003, 0x740600000003, 0x75E200000003, 0x7F7900000003, 
    0x88CF00000003, 0x88E100000003, 0x91CC00000003, 0x96E200000003, 0x533F00000003, 0x6EBA00000003, 0x541D00000003, 
    0x71D000000003, 0x749800000003, 0x85FA00000003, 0x96A300000003, 0x9C5700000003, 0x9E9F00000003, 0x679700000003, 
    0x6DCB00000003, 0x81E800000003, 0x7ACB00000003, 0x7B2000000003, 0x7C9200000003, 0x72C000000003, 0x709900000003, 
    0x8B5800000003, 0x4EC000000003, 0x833600000003, 0x523A00000003, 0x520700000003, 0x5EA600000003, 0x62D300000003, 
    0x7CD600000003, 0x5B8500000003, 0x6D1E00000003, 0x66B400000003, 0x8F3B00000003, 0x884C00000003, 0x964D00000003, 
    0x898B00000003, 0x5ED300000003, 0x514000000003, 0x55C000000003, 0, 0, 0x585A00000003, 0, 0x667400000003, 0, 0, 
    0x51DE00000003, 0x732A00000003, 0x76CA00000003, 0x793C00000003, 0x795E00000003, 0x796500000003, 0x798F00000003, 
    0x975600000003, 0x7CBE00000003, 0x7FBD00000003, 0, 0x861200000003, 0, 0x8AF800000003, 0, 0, 0x903800000003, 
    0x90FD00000003, 0, 0, 0, 0x98EF00000003, 0x98FC00000003, 0x992800000003, 0x9DB400000003, 0x90DE00000003, 
    0x96B700000003, 0x4FAE00000003, 0x50E700000003, 0x514D00000003, 0x52C900000003, 0x52E400000003, 0x535100000003, 
    0x559D00000003, 0x560600000003, 0x566800000003, 0x584000000003, 0x58A800000003, 0x5C6400000003, 0x5C6E00000003, 
    0x609400000003, 0x616800000003, 0x618E00000003, 0x61F200000003, 0x654F00000003, 0x65E200000003, 0x669100000003, 
    0x688500000003, 0x6D7700000003, 0x6E1A00000003, 0x6F2200000003, 0x716E00000003, 0x722B00000003, 0x742200000003, 
    0x789100000003, 0x793E00000003, 0x794900000003, 0x794800000003, 0x795000000003, 0x795600000003, 0x795D00000003, 
    0x798D00000003, 0x798E00000003, 0x7A4000000003, 0x7A8100000003, 0x7BC000000003, 0x7DF400000003, 0x7E0900000003, 
    0x7E4100000003, 0x7F7200000003, 0x800500000003, 0x81ED00000003, 0x827900000003, 0x827900000003, 0x845700000003, 
    0x891000000003, 0x899600000003, 0x8B0100000003, 0x8B3900000003, 0x8CD300000003, 0x8D0800000003, 0x8FB600000003, 
    0x903800000003, 0x96E300000003, 0x97FF00000003, 0x983B00000003, 0x607500000003, 0x242EE00000003, 0x821800000003, 0, 0, 
    0x4E2600000003, 0x51B500000003, 0x516800000003, 0x4F8000000003, 0x514500000003, 0x518000000003, 0x52C700000003, 
    0x52FA00000003, 0x559D00000003, 0x555500000003, 0x559900000003, 0x55E200000003, 0x585A00000003, 0x58B300000003, 
    0x594400000003, 0x595400000003, 0x5A6200000003, 0x5B2800000003, 0x5ED200000003, 0x5ED900000003, 0x5F6900000003, 
    0x5FAD00000003, 0x60D800000003, 0x614E00000003, 0x610800000003, 0x618E00000003, 0x616000000003, 0x61F200000003, 
    0x623400000003, 0x63C400000003, 0x641C00000003, 0x645200000003, 0x655600000003, 0x667400000003, 0x671700000003, 
    0x671B00000003, 0x675600000003, 0x6B7900000003, 0x6BBA00000003, 0x6D4100000003, 0x6EDB00000003, 0x6ECB00000003, 
    0x6F2200000003, 0x701E00000003, 0x716E00000003, 0x77A700000003, 0x723500000003, 0x72AF00000003, 0x732A00000003, 
    0x747100000003, 0x750600000003, 0x753B00000003, 0x761D00000003, 0x761F00000003, 0x76CA00000003, 0x76DB00000003, 
    0x76F400000003, 0x774A00000003, 0x774000000003, 0x78CC00000003, 0x7AB100000003, 0x7BC000000003, 0x7C7B00000003, 
    0x7D5B00000003, 0x7DF400000003, 0x7F3E00000003, 0x800500000003, 0x835200000003, 0x83EF00000003, 0x877900000003, 
    0x894100000003, 0x898600000003, 0x899600000003, 0x8ABF00000003, 0x8AF800000003, 0x8ACB00000003, 0x8B0100000003, 
    0x8AFE00000003, 0x8AED00000003, 0x8B3900000003, 0x8B8A00000003, 0x8D0800000003, 0x8F3800000003, 0x907200000003, 
    0x919900000003, 0x927600000003, 0x967C00000003, 0x96E300000003, 0x975600000003, 0x97DB00000003, 0x97FF00000003, 
    0x980B00000003, 0x983B00000003, 0x9B1200000003, 0x9F9C00000003, 0x2284A00000003, 0x2284400000003, 0x233D500000003, 
    0x3B9D00000003, 0x401800000003, 0x403900000003, 0x2524900000003, 0x25CD000000003, 0x27ED300000003, 0x9F4300000003, 
    0x9F8E00000003, 0, 0, 0, 0, 0, 0, 0, 0, 0, 0, 0, 0, 0, 0, 0, 0, 0, 0, 0, 0, 0, 0, 0, 0, 0, 0, 0, 0, 0, 0, 0, 0, 0, 0, 
    0, 0, 0, 0, 0, 0, 0, 0, 0, 0, 0, 0, 0, 0, 0, 0, 0, 0, 0, 0, 0, 0, 0, 0, 0, 0, 0, 0, 0, 0, 0, 0, 0, 0x5B405D90E02, 
    0x1A01, 0x5B705F21102, 0, 0, 0, 0, 0, 0, 0, 0, 0, 0, 0x5C105E91802, 0x5C205E91902, 0x181505C105BC05E9, 
    0x191505C205BC05E9, 0x5B705D01102, 0x5B805D01202, 0x5BC05D01502, 0x5BC05D11502, 0x5BC05D21502, 0x5BC05D31502, 
    0x5BC05D41502, 0x5BC05D51502, 0x5BC05D61502, 0, 0x5BC05D81502, 0x5BC05D91502, 0x5BC05DA1502, 0x5BC05DB1502, 
    0x5BC05DC1502, 0, 0x5BC05DE1502, 0, 0x5BC05E01502, 0x5BC05E11502, 0, 0x5BC05E31502, 0x5BC05E41502, 0, 0x5BC05E61502, 
    0x5BC05E71502, 0x5BC05E81502, 0x5BC05E91502, 0x5BC05EA1502, 0x5B905D51302, 0x5BF05D11702, 0x5BF05DB1702, 0x5BF05E41702, 
    0, 0, 0, 0, 0, 0, 0, 0, 0, 0, 0, 0, 0, 0, 0, 0, 0, 0, 0, 0, 0, 0, 0, 0, 0, 0, 0, 0, 0, 0, 0, 0, 0, 0, 0, 0, 0, 0, 0, 0, 
    0, 0, 0, 0, 0, 0, 0, 0, 0, 0, 0, 0, 0, 0, 0, 0, 0, 0, 0, 0, 0, 0, 0, 0, 0, 0, 0, 0, 0, 0, 0, 0, 0, 0, 0, 0, 0, 0, 0, 0, 
    0, 0xE601, 0xE601, 0xE601, 0xE601, 0xE601, 0xE601, 0xE601, 0xDC01, 0xDC01, 0xDC01, 0xDC01, 0xDC01, 0xDC01, 0xDC01, 
    0xE601, 0xE601, 0, 0, 0, 0, 0, 0, 0, 0, 0, 0, 0, 0, 0, 0, 0, 0, 0, 0, 0, 0, 0, 0, 0, 0, 0, 0, 0, 0, 0, 0, 0, 0, 0, 0, 
    0, 0, 0, 0, 0, 0, 0, 0, 0, 0, 0, 0, 0, 0, 0, 0, 0, 0, 0, 0, 0, 0, 0, 0, 0, 0, 0, 0, 0, 0, 0, 0, 0, 0, 0, 0, 0, 0, 0, 0, 
    0, 0, 0, 0, 0, 0, 0, 0, 0, 0, 0, 0, 0, 0, 0, 0, 0, 0, 0, 0, 0, 0, 0, 0, 0, 0, 0, 0, 0, 0, 0, 0, 0, 0, 0, 0, 0, 0, 0, 0, 
    0, 0, 0, 0, 0, 0, 0, 0, 0, 0, 0, 0, 0, 0, 0, 0, 0, 0, 0, 0, 0, 0, 0, 0, 0, 0, 0, 0, 0, 0, 0, 0, 0, 0, 0, 0, 0, 0, 0, 0, 
    0, 0, 0, 0, 0, 0, 0, 0, 0, 0, 0, 0, 0, 0, 0, 0, 0, 0, 0, 0, 0, 0, 0, 0, 0, 0, 0, 0, 0, 0, 0, 0, 0, 0, 0, 0, 0, 0, 0, 0, 
    0, 0, 0, 0, 0, 0, 0, 0, 0, 0, 0, 0xDC01, 0, 0, 0, 0, 0, 0, 0, 0, 0, 0, 0, 0, 0, 0, 0, 0, 0, 0, 0, 0, 0, 0, 0, 0, 0, 0, 
    0, 0, 0, 0, 0, 0, 0, 0, 0, 0, 0, 0, 0, 0, 0, 0, 0, 0, 0, 0, 0, 0, 0, 0, 0, 0, 0, 0, 0, 0, 0, 0, 0, 0, 0, 0, 0, 0, 0, 0, 
    0, 0, 0, 0, 0, 0, 0, 0, 0, 0, 0, 0, 0, 0, 0, 0, 0, 0, 0, 0, 0, 0, 0, 0, 0, 0, 0, 0, 0, 0, 0, 0, 0xDC01, 0, 0, 0, 0, 0, 
    0, 0, 0, 0, 0, 0, 0, 0, 0, 0, 0, 0, 0, 0, 0, 0, 0, 0, 0, 0, 0, 0, 0, 0, 0, 0, 0, 0, 0, 0, 0, 0, 0, 0, 0, 0, 0, 0, 0, 0, 
    0, 0, 0, 0, 0, 0, 0, 0, 0, 0, 0, 0, 0, 0, 0, 0, 0, 0, 0, 0, 0, 0, 0, 0, 0, 0, 0, 0, 0, 0, 0, 0, 0, 0, 0, 0, 0, 0, 0, 0, 
    0, 0, 0, 0, 0, 0, 0, 0, 0, 0, 0, 0, 0, 0, 0, 0, 0, 0, 0, 0, 0, 0, 0, 0, 0, 0, 0, 0, 0, 0, 0, 0, 0, 0, 0, 0, 0, 0, 0, 0, 
    0, 0, 0, 0, 0, 0, 0, 0, 0, 0, 0, 0, 0, 0, 0, 0, 0, 0, 0, 0, 0, 0, 0, 0, 0xE601, 0xE601, 0xE601, 0xE601, 0xE601, 0, 0, 
    0, 0, 0, 0, 0, 0, 0, 0, 0, 0, 0, 0, 0, 0, 0, 0, 0xDC01, 0, 0xE601, 0, 0, 0, 0, 0, 0, 0, 0, 0, 0, 0, 0, 0, 0, 0, 0, 0, 
    0, 0, 0, 0, 0, 0, 0, 0, 0, 0, 0, 0, 0, 0, 0, 0, 0, 0, 0, 0, 0, 0, 0, 0xE601, 0x101, 0xDC01, 0, 0, 0, 0, 0x901, 0, 0, 0, 
    0, 0, 0, 0, 0, 0, 0, 0, 0, 0, 0, 0, 0, 0, 0, 0, 0, 0, 0, 0, 0, 0, 0, 0, 0, 0, 0, 0, 0, 0, 0, 0, 0, 0, 0, 0, 0, 0, 0, 0, 
    0, 0, 0, 0, 0, 0, 0, 0, 0, 0, 0, 0, 0, 0, 0, 0, 0, 0, 0, 0, 0, 0, 0, 0, 0, 0, 0, 0, 0, 0, 0, 0, 0, 0, 0, 0, 0, 0, 0, 0, 
    0, 0, 0, 0, 0, 0, 0, 0, 0, 0, 0, 0, 0, 0, 0, 0, 0, 0, 0, 0, 0, 0, 0, 0, 0, 0, 0, 0, 0, 0, 0, 0, 0, 0, 0, 0, 0, 0, 0, 0, 
    0, 0, 0, 0, 0, 0, 0, 0, 0, 0, 0, 0, 0, 0, 0, 0, 0, 0, 0, 0, 0, 0, 0, 0, 0, 0, 0, 0, 0, 0, 0, 0, 0, 0, 0, 0, 0, 0, 0, 0, 
    0, 0, 0xE601, 0xDC01, 0, 0, 0, 0, 0, 0, 0, 0, 0, 0, 0, 0, 0, 0, 0, 0, 0, 0, 0, 0, 0, 0, 0, 0, 0, 0, 0, 0, 0, 0, 0, 0, 
    0, 0, 0, 0, 0, 0, 0, 0, 0, 0, 0, 0, 0, 0, 0, 0, 0, 0, 0, 0, 0, 0, 0, 0, 0, 0, 0, 0, 0, 0xE601, 0xE601, 0xE601, 0xE601, 
    0, 0, 0, 0, 0, 0, 0, 0, 0, 0, 0, 0, 0, 0, 0, 0, 0, 0, 0, 0, 0, 0, 0, 0, 0, 0, 0, 0, 0, 0, 0, 0, 0, 0, 0, 0, 0, 0, 0, 0, 
    0, 0, 0, 0, 0, 0, 0, 0, 0, 0, 0, 0, 0, 0, 0, 0, 0, 0, 0, 0, 0, 0, 0, 0, 0, 0, 0, 0, 0, 0, 0, 0, 0, 0, 0, 0, 0, 0, 0, 0, 
    0, 0, 0, 0, 0, 0, 0, 0, 0, 0, 0, 0, 0, 0, 0, 0, 0, 0, 0, 0, 0, 0, 0, 0, 0, 0, 0, 0, 0, 0, 0, 0, 0, 0, 0, 0, 0, 0, 0, 0, 
    0, 0, 0, 0, 0, 0, 0, 0, 0, 0, 0, 0xE601, 0xE601, 0, 0, 0, 0, 0, 0, 0, 0, 0, 0, 0, 0, 0, 0, 0, 0, 0, 0, 0, 0, 0, 0, 0, 
    0, 0, 0, 0, 0, 0, 0, 0, 0, 0, 0, 0, 0, 0, 0, 0, 0, 0, 0, 0, 0, 0, 0, 0, 0, 0, 0, 0, 0, 0, 0, 0, 0, 0, 0, 0, 0, 0, 0, 0, 
    0, 0, 0, 0, 0, 0, 0, 0, 0, 0, 0, 0, 0, 0, 0, 0, 0, 0xDC01, 0xDC01, 0xDC01, 0, 0, 0, 0, 0, 0, 0, 0, 0, 0, 0, 0, 0, 0, 0, 
    0, 0, 0, 0, 0, 0, 0, 0, 0, 0, 0, 0, 0, 0, 0, 0, 0, 0, 0, 0, 0, 0, 0, 0, 0, 0, 0, 0, 0, 0, 0, 0, 0, 0, 0, 0, 0, 0, 0, 0, 
    0, 0, 0, 0, 0, 0, 0, 0, 0, 0, 0, 0, 0, 0, 0, 0xDC01, 0xDC01, 0xE601, 0xE601, 0xE601, 0xDC01, 0xE601, 0xDC01, 0xDC01, 
    0xDC01, 0xDC01, 0, 0, 0, 0, 0, 0, 0, 0, 0, 0, 0, 0, 0, 0, 0, 0, 0, 0, 0, 0, 0, 0, 0, 0, 0, 0, 0, 0, 0, 0, 0, 0, 0, 0, 
    0, 0, 0, 0, 0, 0, 0, 0, 0, 0, 0, 0, 0, 0, 0, 0xE601, 0xDC01, 0xE601, 0xDC01, 0, 0, 0, 0, 0, 0, 0, 0, 0, 0, 0, 0, 0, 0, 
    0, 0, 0, 0, 0, 0, 0, 0, 0, 0, 0, 0, 0, 0, 0, 0, 0, 0, 0, 0, 0, 0, 0, 0, 0, 0, 0, 0, 0, 0, 0, 0, 0, 0, 0, 0, 0, 0, 0, 0, 
    0, 0, 0, 0, 0, 0, 0, 0, 0, 0, 0, 0, 0, 0, 0, 0, 0, 0, 0, 0, 0, 0, 0, 0, 0, 0, 0, 0, 0, 0, 0, 0, 0, 0, 0, 0, 0, 0, 0, 0, 
    0, 0, 0, 0, 0, 0, 0, 0, 0, 0, 0, 0, 0, 0, 0, 0, 0, 0, 0, 0, 0, 0, 0, 0, 0, 0, 0, 0, 0, 0, 0, 0, 0, 0, 0, 0, 0, 0, 0, 0, 
    0, 0, 0, 0, 0, 0, 0, 0, 0, 0, 0, 0, 0, 0, 0, 0, 0, 0, 0, 0, 0, 0, 0, 0, 0, 0, 0, 0, 0, 0, 0, 0, 0, 0, 0, 0, 0, 0, 0, 0, 
    0, 0, 0, 0, 0, 0, 0, 0, 0, 0, 0, 0, 0, 0, 0, 0, 0, 0, 0x901, 0, 0, 0, 0, 0, 0, 0, 0, 0, 0, 0, 0, 0, 0, 0, 0, 0, 0, 0, 
    0, 0, 0, 0, 0, 0, 0, 0, 0, 0, 0, 0, 0, 0, 0, 0, 0, 0, 0, 0, 0, 0, 0x901, 0, 0, 0, 0, 0, 0, 0, 0, 0, 0, 0, 0, 0, 0, 
    0x901, 0, 0, 0, 0, 0, 0, 0, 0, 0, 0, 0, 0, 0, 0, 0, 0, 0, 0, 0, 0, 0, 0, 0, 0, 0, 0, 0x9B0204, 0, 0x9D0204, 0, 0, 0, 0, 
    0, 0, 0, 0, 0, 0, 0, 0, 0, 0, 0x9F0204, 0, 0, 0, 0, 0, 0, 0, 0, 0, 0, 0, 0, 0, 0x901, 0x701, 0, 0, 0, 0, 0, 0, 0, 0, 0, 
    0, 0, 0, 0, 0, 0, 0, 0, 0, 0, 0, 0, 0, 0, 0, 0, 0, 0, 0, 0, 0, 0, 0, 0, 0, 0, 0, 0, 0, 0, 0, 0, 0, 0, 0, 0, 0, 0, 0, 0, 
    0, 0, 0, 0, 0, 0, 0, 0, 0, 0, 0, 0, 0, 0, 0, 0, 0, 0, 0, 0, 0xE601, 0xE601, 0xE601, 0, 0, 0, 0, 0, 0, 0, 0, 0, 0, 0, 0, 
    0, 0, 0, 0, 0, 0, 0, 0, 0, 0, 0, 0, 0, 0, 0, 0, 0, 0, 0, 0, 0, 0, 0, 0, 0, 0, 0, 0, 0, 0, 0, 0xA10204, 0xA30204, 0, 0, 
    0, 0x901, 0x901, 0, 0, 0, 0, 0, 0, 0, 0, 0, 0, 0, 0, 0, 0, 0, 0, 0, 0, 0, 0, 0, 0, 0, 0, 0, 0, 0, 0, 0, 0, 0, 0, 0, 0, 
    0, 0, 0, 0, 0, 0, 0, 0, 0, 0, 0, 0, 0, 0, 0, 0, 0, 0, 0, 0, 0, 0, 0, 0, 0, 0, 0, 0, 0x701, 0, 0, 0, 0, 0, 0, 0, 0, 0, 
    0, 0, 0, 0, 0, 0, 0, 0, 0, 0, 0, 0, 0, 0, 0, 0, 0, 0, 0, 0, 0, 0, 0, 0, 0, 0, 0, 0, 0, 0, 0, 0, 0, 0, 0, 0, 0, 0, 0, 0, 
    0, 0, 0, 0, 0, 0, 0, 0, 0, 0, 0, 0, 0, 0, 0, 0, 0, 0, 0, 0, 0, 0, 0, 0, 0, 0, 0, 0x901, 0, 0, 0, 0, 0, 0, 0, 0, 0, 
    0x701, 0, 0, 0, 0, 0, 0, 0, 0, 0, 0, 0, 0, 0, 0, 0, 0, 0, 0, 0, 0, 0, 0, 0, 0, 0, 0, 0, 0, 0, 0, 0, 0, 0, 0, 0, 0, 0, 
    0, 0, 0, 0, 0, 0, 0, 0, 0, 0, 0, 0, 0, 0, 0, 0, 0, 0, 0, 0, 0, 0, 0, 0, 0, 0, 0, 0, 0, 0, 0, 0, 0, 0, 0, 0, 0, 0, 0, 0, 
    0, 0, 0, 0, 0, 0, 0, 0, 0, 0, 0, 0, 0, 0, 0, 0, 0, 0, 0, 0, 0, 0, 0, 0, 0, 0, 0, 0, 0, 0x901, 0x701, 0, 0, 0, 0, 0, 0, 
    0, 0, 0, 0, 0, 0, 0, 0, 0, 0, 0, 0, 0, 0, 0, 0, 0, 0, 0, 0, 0, 0, 0, 0, 0, 0, 0, 0, 0, 0, 0, 0, 0, 0, 0, 0, 0, 0, 0, 0, 
    0, 0, 0, 0, 0, 0, 0, 0, 0, 0, 0, 0, 0, 0, 0, 0, 0, 0, 0, 0, 0, 0, 0, 0, 0, 0, 0, 0, 0, 0, 0, 0, 0, 0, 0, 0, 0, 0, 0, 0, 
    0, 0, 0, 0, 0, 0, 0, 0, 0, 0, 0, 0, 0, 0, 0, 0, 0, 0, 0, 0, 0, 0, 0, 0, 0, 0, 0, 0, 0, 0, 0, 0, 0, 0, 0, 0, 0, 0, 0, 0, 
    0, 0, 0, 0, 0, 0, 0, 0, 0, 0, 0, 0, 0, 0, 0, 0, 0, 0, 0, 0, 0, 0, 0, 0, 0, 0, 0, 0, 0, 0, 0, 0, 0, 0, 0, 0, 0, 0, 0, 0, 
    0, 0, 0, 0, 0, 0, 0, 0, 0, 0, 0, 0, 0x701, 0x901, 0, 0, 0, 0, 0, 0, 0, 0, 0, 0, 0, 0, 0, 0, 0, 0, 0, 0, 0, 0, 0, 0, 0, 
    0, 0, 0, 0, 0, 0, 0, 0, 0, 0, 0, 0, 0, 0, 0, 0, 0, 0, 0, 0, 0, 0, 0, 0, 0, 0, 0, 0, 0, 0, 0, 0, 0, 0, 0, 0, 0, 0, 0, 0, 
    0, 0, 0, 0, 0, 0, 0, 0, 0, 0, 0, 0, 0, 0, 0, 0, 0, 0x701, 0x701, 0, 0, 0, 0, 0, 0, 0, 0, 0, 0, 0, 0, 0, 0, 0xA50204, 
    0xA70204, 0x901, 0, 0, 0, 0, 0, 0, 0, 0, 0, 0, 0, 0, 0, 0, 0, 0, 0, 0, 0, 0, 0, 0, 0, 0, 0xE601, 0xE601, 0xE601, 
    0xE601, 0xE601, 0xE601, 0xE601, 0, 0, 0, 0xE601, 0xE601, 0xE601, 0xE601, 0xE601, 0, 0, 0, 0, 0, 0, 0, 0, 0, 0, 0, 0, 0, 
    0, 0, 0, 0, 0, 0, 0, 0, 0, 0, 0, 0, 0, 0, 0, 0, 0, 0, 0, 0, 0, 0, 0, 0, 0, 0, 0, 0, 0, 0, 0, 0, 0, 0, 0, 0, 0, 0, 0, 0, 
    0, 0, 0, 0, 0, 0, 0, 0, 0, 0, 0, 0, 0, 0, 0, 0, 0, 0, 0, 0, 0, 0, 0, 0, 0x901, 0, 0, 0, 0x701, 0, 0, 0, 0, 0, 0, 0, 0, 
    0, 0, 0, 0, 0, 0, 0, 0, 0, 0, 0, 0, 0, 0, 0, 0xE601, 0, 0, 0, 0, 0, 0, 0, 0, 0, 0, 0, 0, 0, 0, 0, 0, 0, 0, 0, 0, 0, 0, 
    0, 0, 0, 0, 0, 0, 0, 0, 0, 0, 0, 0, 0, 0, 0, 0, 0, 0, 0, 0, 0, 0, 0, 0, 0, 0, 0, 0, 0, 0, 0, 0, 0, 0, 0, 0, 0, 0, 0, 0, 
    0, 0, 0, 0, 0, 0, 0, 0, 0, 0, 0, 0, 0, 0, 0, 0, 0, 0, 0, 0, 0, 0, 0, 0, 0, 0, 0, 0, 0, 0, 0xA90204, 0xAB0204, 0, 
    0xAD0204, 0, 0, 0, 0x901, 0x701, 0, 0, 0, 0, 0, 0, 0, 0, 0, 0, 0, 0, 0, 0, 0, 0, 0, 0, 0, 0, 0, 0, 0, 0, 0, 0, 0, 0, 0, 
    0, 0, 0, 0, 0, 0, 0, 0, 0, 0, 0, 0, 0, 0, 0, 0, 0, 0, 0, 0, 0, 0, 0, 0, 0, 0, 0, 0, 0, 0, 0, 0, 0, 0, 0, 0, 0, 0, 0, 0, 
    0, 0, 0, 0, 0, 0, 0, 0, 0, 0, 0, 0, 0, 0, 0, 0, 0, 0, 0, 0, 0, 0, 0, 0, 0, 0, 0, 0, 0, 0, 0, 0, 0, 0, 0, 0, 0, 0, 0, 0, 
    0, 0, 0, 0, 0, 0, 0, 0, 0, 0xAF0204, 0xB10204, 0, 0, 0, 0x901, 0x701, 0, 0, 0, 0, 0, 0, 0, 0, 0, 0, 0, 0, 0, 0, 0, 0, 
    0, 0, 0, 0, 0, 0, 0, 0, 0, 0, 0, 0, 0, 0, 0, 0, 0, 0, 0, 0, 0, 0, 0, 0, 0, 0, 0, 0, 0, 0, 0, 0, 0, 0, 0, 0, 0, 0, 0, 0, 
    0, 0, 0, 0, 0, 0, 0, 0, 0, 0, 0, 0, 0, 0, 0, 0, 0, 0, 0, 0, 0, 0, 0, 0, 0, 0, 0, 0, 0, 0, 0, 0, 0, 0, 0, 0, 0, 0, 0, 0, 
    0, 0, 0, 0, 0, 0, 0, 0, 0, 0, 0, 0, 0, 0, 0, 0, 0, 0, 0, 0, 0, 0, 0, 0, 0, 0, 0, 0, 0, 0, 0x901, 0, 0, 0, 0, 0, 0, 0, 
    0, 0, 0, 0, 0, 0, 0, 0, 0, 0, 0, 0, 0, 0, 0, 0, 0, 0, 0, 0, 0, 0, 0, 0, 0, 0, 0, 0, 0, 0, 0, 0, 0, 0, 0, 0, 0, 0, 0, 0, 
    0, 0, 0, 0, 0, 0, 0, 0, 0, 0, 0, 0, 0, 0, 0, 0, 0, 0, 0, 0, 0, 0, 0, 0, 0, 0, 0, 0, 0, 0, 0, 0, 0, 0, 0, 0, 0, 0, 0, 0, 
    0, 0, 0, 0, 0, 0, 0, 0, 0, 0, 0, 0, 0, 0, 0, 0, 0, 0, 0, 0, 0, 0, 0, 0, 0, 0, 0, 0, 0, 0, 0, 0x901, 0x701, 0, 0, 0, 0, 
    0, 0, 0, 0, 0, 0, 0, 0, 0, 0, 0, 0, 0, 0, 0, 0, 0, 0, 0, 0, 0, 0, 0, 0, 0, 0, 0, 0, 0, 0, 0, 0, 0, 0, 0, 0, 0, 0, 0, 0, 
    0, 0, 0, 0, 0, 0, 0, 0, 0, 0, 0, 0, 0, 0, 0, 0, 0, 0, 0, 0, 0, 0, 0, 0, 0, 0, 0, 0, 0, 0, 0, 0, 0, 0, 0, 0, 0, 0, 0, 0, 
    0, 0, 0, 0, 0, 0, 0, 0, 0, 0, 0, 0, 0, 0, 0, 0, 0, 0, 0, 0, 0, 0, 0, 0, 0, 0, 0, 0, 0, 0, 0, 0x901, 0, 0, 0, 0, 0, 0, 
    0, 0, 0, 0, 0, 0, 0, 0, 0, 0, 0, 0, 0, 0, 0, 0, 0, 0, 0, 0, 0, 0, 0, 0, 0, 0, 0, 0, 0, 0, 0, 0, 0, 0, 0, 0, 0, 0, 0, 0, 
    0, 0, 0, 0, 0, 0, 0, 0, 0, 0, 0, 0, 0, 0, 0, 0, 0, 0, 0, 0, 0, 0, 0, 0, 0, 0, 0, 0, 0, 0, 0, 0, 0, 0, 0, 0, 0, 0, 0, 0, 
    0, 0, 0, 0, 0, 0, 0, 0, 0, 0, 0, 0, 0, 0, 0, 0, 0, 0, 0, 0, 0, 0, 0, 0, 0, 0, 0, 0, 0, 0, 0, 0, 0, 0, 0, 0, 0, 0, 0, 0, 
    0, 0, 0, 0, 0, 0, 0, 0, 0, 0, 0, 0, 0, 0, 0, 0x901, 0x701, 0, 0, 0, 0, 0, 0, 0, 0, 0, 0, 0, 0, 0, 0, 0, 0, 0, 0, 0, 0, 
    0, 0, 0, 0, 0, 0, 0, 0, 0, 0, 0, 0, 0, 0, 0, 0, 0, 0, 0, 0, 0, 0, 0, 0, 0, 0, 0, 0, 0, 0, 0, 0, 0, 0, 0, 0, 0, 0, 0, 0, 
    0, 0, 0, 0, 0, 0, 0, 0, 0, 0, 0, 0, 0, 0, 0, 0, 0, 0, 0, 0, 0, 0, 0, 0, 0, 0, 0, 0, 0, 0, 0, 0, 0, 0, 0, 0, 0, 0, 0, 0, 
    0, 0, 0, 0, 0, 0, 0, 0, 0, 0, 0, 0, 0, 0, 0, 0, 0, 0, 0, 0, 0, 0, 0, 0, 0, 0xB30204, 0, 0, 0, 0, 0x901, 0x901, 0, 0, 0, 
    0, 0x701, 0, 0, 0, 0, 0, 0, 0, 0, 0, 0, 0, 0, 0, 0, 0, 0, 0, 0, 0, 0, 0, 0, 0, 0, 0, 0, 0, 0, 0, 0, 0, 0, 0, 0, 0, 0, 
    0, 0, 0, 0, 0, 0, 0, 0, 0, 0, 0, 0, 0, 0, 0, 0, 0, 0, 0, 0, 0, 0, 0, 0, 0, 0, 0, 0, 0, 0, 0, 0, 0, 0, 0, 0, 0, 0, 0, 0, 
    0, 0, 0, 0, 0, 0, 0, 0, 0, 0, 0, 0, 0, 0, 0, 0, 0, 0, 0, 0, 0, 0, 0, 0, 0, 0, 0, 0, 0, 0, 0, 0, 0, 0, 0, 0, 0, 0, 0, 0, 
    0, 0, 0, 0, 0, 0, 0, 0, 0, 0, 0, 0, 0, 0, 0, 0, 0, 0, 0, 0, 0, 0, 0, 0, 0, 0, 0, 0, 0, 0, 0, 0, 0, 0, 0, 0, 0, 0, 0, 0, 
    0x901, 0, 0, 0, 0, 0, 0, 0, 0, 0, 0, 0, 0, 0, 0, 0, 0, 0, 0, 0, 0, 0, 0, 0, 0, 0, 0, 0, 0, 0, 0, 0, 0, 0, 0, 0, 0, 0, 
    0, 0, 0, 0, 0, 0, 0, 0, 0, 0, 0, 0, 0, 0, 0, 0, 0, 0, 0, 0, 0, 0, 0, 0, 0, 0, 0, 0, 0, 0, 0, 0, 0, 0, 0, 0, 0, 0, 0, 0, 
    0, 0, 0, 0, 0, 0, 0x901, 0, 0, 0, 0, 0, 0, 0, 0, 0, 0, 0, 0, 0, 0, 0, 0, 0, 0, 0x901, 0, 0, 0, 0, 0, 0, 0, 0, 0, 0, 0, 
    0, 0, 0, 0, 0, 0, 0, 0, 0, 0, 0, 0, 0, 0, 0, 0, 0, 0, 0, 0, 0, 0, 0, 0, 0, 0, 0, 0, 0, 0, 0, 0, 0, 0, 0, 0, 0, 0, 0, 0, 
    0, 0, 0, 0, 0, 0, 0, 0, 0, 0, 0, 0, 0, 0, 0, 0, 0, 0, 0, 0, 0, 0, 0, 0, 0, 0, 0, 0, 0, 0, 0x901, 0, 0, 0, 0, 0, 0, 0, 
    0, 0, 0, 0, 0, 0, 0, 0, 0, 0, 0, 0, 0, 0, 0, 0, 0, 0, 0, 0, 0, 0, 0, 0, 0, 0, 0, 0, 0, 0, 0, 0, 0, 0, 0, 0, 0, 0, 0, 0, 
    0, 0, 0, 0, 0, 0, 0, 0, 0, 0, 0, 0, 0, 0, 0, 0, 0, 0, 0, 0, 0, 0, 0, 0, 0, 0, 0, 0, 0, 0, 0, 0, 0, 0, 0, 0, 0, 0, 0, 0, 
    0, 0, 0, 0, 0, 0, 0, 0, 0, 0, 0, 0, 0, 0, 0, 0, 0, 0, 0, 0, 0, 0, 0, 0, 0, 0, 0, 0, 0, 0, 0, 0, 0, 0, 0, 0, 0, 0, 0, 0, 
    0, 0, 0, 0, 0, 0, 0, 0, 0, 0, 0, 0, 0, 0, 0, 0, 0, 0, 0, 0, 0, 0, 0, 0, 0, 0, 0, 0, 0, 0, 0, 0, 0, 0, 0, 0, 0, 0, 
    0x901, 0, 0, 0, 0, 0, 0, 0, 0, 0, 0, 0, 0, 0, 0, 0, 0, 0, 0, 0, 0, 0, 0, 0, 0, 0, 0, 0, 0, 0, 0, 0, 0, 0, 0, 0, 0, 0, 
    0, 0, 0, 0, 0, 0, 0, 0, 0, 0, 0, 0, 0, 0, 0, 0, 0, 0, 0, 0, 0, 0, 0, 0, 0, 0, 0, 0, 0, 0, 0, 0, 0, 0, 0, 0, 0, 0, 0, 0, 
    0, 0, 0, 0, 0, 0, 0, 0, 0, 0, 0, 0, 0, 0, 0, 0, 0, 0, 0, 0, 0, 0, 0, 0, 0, 0, 0, 0, 0, 0, 0, 0, 0, 0, 0, 0, 0, 0, 0, 0, 
    0, 0, 0, 0, 0, 0, 0, 0, 0, 0, 0, 0, 0, 0x701, 0, 0x901, 0x901, 0, 0, 0, 0, 0, 0, 0, 0, 0, 0, 0, 0, 0, 0, 0, 0, 0, 0, 0, 
    0, 0, 0, 0, 0, 0, 0, 0, 0, 0, 0, 0, 0, 0, 0, 0, 0, 0, 0, 0, 0, 0, 0, 0, 0, 0, 0, 0, 0, 0, 0, 0, 0, 0, 0, 0, 0, 0, 0, 0, 
    0, 0, 0, 0, 0, 0, 0, 0, 0, 0, 0, 0, 0, 0, 0, 0, 0, 0, 0, 0, 0, 0, 0x901, 0, 0, 0, 0, 0, 0, 0, 0, 0, 0, 0, 0, 0, 0, 0, 
    0, 0, 0, 0, 0, 0, 0, 0, 0, 0, 0, 0, 0, 0, 0, 0, 0, 0, 0, 0, 0, 0, 0, 0, 0, 0, 0, 0, 0, 0, 0, 0, 0, 0, 0, 0, 0, 0, 0, 0, 
    0, 0, 0, 0, 0, 0, 0, 0, 0, 0, 0, 0, 0, 0, 0, 0, 0, 0, 0, 0, 0, 0, 0, 0, 0, 0, 0, 0, 0, 0, 0, 0, 0, 0, 0, 0, 0, 0, 0, 0, 
    0, 0, 0, 0, 0, 0, 0, 0, 0, 0, 0, 0, 0, 0, 0, 0, 0, 0, 0, 0, 0, 0, 0, 0, 0, 0, 0, 0, 0, 0, 0, 0, 0, 0, 0, 0, 0, 0, 0, 0, 
    0, 0, 0, 0, 0, 0, 0, 0, 0, 0, 0, 0, 0, 0, 0, 0, 0, 0, 0, 0, 0, 0, 0, 0, 0, 0, 0, 0, 0, 0, 0, 0, 0, 0, 0x901, 0x901, 0, 
    0, 0, 0, 0, 0, 0, 0, 0, 0, 0, 0, 0, 0, 0, 0, 0, 0, 0, 0, 0, 0, 0, 0, 0, 0, 0, 0, 0, 0, 0, 0, 0, 0, 0, 0, 0, 0, 0, 0, 0, 
    0, 0, 0, 0, 0, 0, 0, 0, 0, 0, 0, 0, 0, 0, 0, 0, 0, 0, 0, 0, 0, 0, 0, 0, 0, 0, 0, 0, 0, 0, 0, 0, 0, 0, 0, 0, 0, 0, 0, 0, 
    0, 0, 0, 0, 0, 0, 0, 0, 0, 0, 0, 0, 0, 0, 0, 0, 0, 0, 0, 0, 0, 0, 0, 0, 0, 0, 0, 0, 0, 0, 0, 0, 0, 0, 0, 0, 0, 0, 0, 0, 
    0, 0, 0, 0, 0, 0, 0, 0, 0, 0, 0, 0, 0, 0, 0, 0, 0, 0, 0, 0, 0, 0, 0, 0, 0, 0, 0, 0, 0, 0, 0, 0, 0, 0, 0, 0, 0, 0, 0, 0, 
    0, 0, 0, 0, 0, 0, 0, 0, 0, 0, 0, 0, 0x101, 0x101, 0x101, 0x101, 0x101, 0, 0, 0, 0, 0, 0, 0, 0, 0, 0, 0, 0, 0, 0, 0, 0, 
    0, 0, 0, 0, 0, 0, 0, 0, 0, 0, 0, 0, 0, 0, 0, 0, 0, 0, 0, 0, 0, 0, 0, 0, 0, 0, 0, 0, 0, 0, 0, 0, 0, 0, 0, 0, 0, 0, 0, 0, 
    0, 0, 0, 0xE601, 0xE601, 0xE601, 0xE601, 0xE601, 0xE601, 0xE601, 0, 0, 0, 0, 0, 0, 0, 0, 0, 0, 0, 0, 0, 0, 0, 0, 0, 0, 
    0, 0, 0, 0, 0, 0, 0, 0, 0, 0, 0, 0, 0, 0, 0, 0, 0, 0, 0, 0, 0, 0, 0, 0, 0, 0, 0, 0, 0, 0, 0, 0, 0, 0, 0, 0, 0, 0, 0, 0, 
    0, 0, 0, 0, 0, 0, 0, 0, 0, 0, 0, 0, 0, 0, 0, 0, 0, 0, 0, 0, 0, 0, 0, 0, 0, 0, 0, 0, 0, 0, 0, 0, 0, 0, 0, 0, 0, 0, 0, 0, 
    0, 0, 0, 0, 0, 0, 0, 0, 0, 0, 0, 0, 0, 0, 0, 0, 0, 0, 0, 0, 0, 0, 0, 0, 0, 0, 0, 0, 0, 0, 0, 0, 0, 0, 0, 0, 0, 0, 0, 0, 
    0, 0, 0, 0, 0, 0, 0, 0, 0, 0, 0, 0, 0, 0, 0, 0, 0, 0, 0, 0, 0, 0, 0, 0, 0, 0, 0, 0, 0, 0, 0, 0, 0, 0, 0, 0, 0, 0, 0, 0, 
    0, 0, 0, 0, 0, 0, 0, 0x601, 0x601, 0, 0, 0, 0, 0, 0, 0, 0, 0, 0, 0, 0, 0, 0, 0, 0, 0, 0, 0, 0, 0, 0, 0, 0, 0, 0, 0, 0, 
    0, 0, 0, 0, 0, 0, 0, 0, 0, 0, 0, 0, 0, 0, 0, 0, 0x101, 0, 0, 0, 0, 0, 0, 0, 0, 0, 0, 0, 0, 0, 0, 0, 0, 0, 0, 0, 0, 0, 
    0, 0, 0, 0, 0, 0, 0, 0, 0, 0, 0, 0, 0, 0, 0, 0, 0, 0, 0, 0, 0, 0, 0, 0, 0, 0, 0, 0, 0, 0, 0, 0, 0, 0, 0, 0, 0, 0, 0, 0, 
    0, 0, 0, 0, 0, 0, 0, 0, 0, 0, 0, 0, 0, 0, 0, 0, 0, 0, 0, 0, 0, 0, 0, 0, 0, 0, 0, 0, 0, 0, 0, 0, 0, 0, 0, 0, 0, 0, 0, 0, 
    0, 0, 0, 0, 0, 0, 0, 0, 0, 0, 0, 0, 0, 0, 0, 0, 0, 0, 0, 0, 0, 0, 0, 0, 0, 0, 0, 0, 0, 0, 0, 0, 0, 0, 0, 0, 0, 0, 0, 0, 
    0, 0, 0, 0, 0, 0, 0, 0, 0, 0, 0, 0, 0, 0, 0, 0, 0, 0, 0, 0, 0, 0, 0, 0, 0, 0, 0, 0, 0, 0, 0, 0, 0, 0, 0, 0, 0, 0, 0, 0, 
    0, 0, 0, 0, 0, 0, 0, 0, 0, 0, 0xB50204, 0xB70204, 0xB90304, 0xBC0304, 0xBF0304, 0xC20304, 0xC50304, 0xD801, 0xD801, 
    0x101, 0x101, 0x101, 0, 0, 0, 0xE201, 0xD801, 0xD801, 0xD801, 0xD801, 0xD801, 0, 0, 0, 0, 0, 0, 0, 0, 0xDC01, 0xDC01, 
    0xDC01, 0xDC01, 0xDC01, 0xDC01, 0xDC01, 0xDC01, 0, 0, 0xE601, 0xE601, 0xE601, 0xE601, 0xE601, 0xDC01, 0xDC01, 0, 0, 0, 
    0, 0, 0, 0, 0, 0, 0, 0, 0, 0, 0, 0, 0, 0, 0, 0, 0, 0, 0, 0, 0, 0, 0, 0, 0, 0, 0, 0xE601, 0xE601, 0xE601, 0xE601, 0, 0, 
    0, 0, 0, 0, 0, 0, 0, 0, 0, 0, 0, 0xC80204, 0xCA0204, 0xCC0304, 0xCF0304, 0xD20304, 0xD50304, 0, 0, 0, 0, 0, 0, 0, 0, 0, 
    0, 0, 0, 0, 0, 0, 0, 0, 0, 0, 0, 0, 0, 0, 0, 0, 0, 0, 0, 0, 0, 0, 0, 0, 0, 0, 0, 0, 0, 0, 0, 0, 0, 0, 0, 0, 0, 0, 0, 0, 
    0, 0, 0, 0, 0, 0, 0, 0, 0, 0, 0, 0, 0, 0, 0, 0, 0, 0, 0, 0, 0, 0, 0, 0, 0, 0, 0, 0, 0, 0, 0, 0, 0, 0, 0, 0, 0, 0, 0, 0, 
    0, 0, 0, 0, 0, 0, 0, 0, 0, 0, 0, 0, 0, 0, 0, 0, 0, 0, 0, 0, 0, 0, 0, 0, 0, 0, 0, 0, 0, 0, 0, 0, 0, 0, 0, 0, 0, 0, 0, 0, 
    0xE601, 0xE601, 0xE601, 0, 0, 0, 0, 0, 0, 0, 0, 0, 0, 0, 0, 0, 0, 0, 0, 0, 0, 0, 0, 0, 0, 0, 0, 0, 0, 0, 0, 0, 0, 0, 0, 
    0, 0, 0, 0, 0, 0, 0, 0, 0, 0, 0, 0, 0, 0, 0, 0, 0, 0, 0, 0, 0, 0, 0, 0, 0, 0, 0, 0xE601, 0xE601, 0xE601, 0xE601, 
    0xE601, 0xE601, 0xE601, 0, 0xE601, 0xE601, 0xE601, 0xE601, 0xE601, 0xE601, 0xE601, 0xE601, 0xE601, 0xE601, 0xE601, 
    0xE601, 0xE601, 0xE601, 0xE601, 0xE601, 0xE601, 0, 0, 0xE601, 0xE601, 0xE601, 0xE601, 0xE601, 0xE601, 0xE601, 0, 
    0xE601, 0xE601, 0, 0xE601, 0xE601, 0xE601, 0xE601, 0xE601, 0, 0, 0, 0, 0, 0, 0, 0, 0, 0, 0, 0, 0, 0, 0, 0, 0, 0, 0, 0, 
    0, 0, 0, 0, 0, 0, 0, 0, 0, 0, 0, 0, 0, 0, 0, 0, 0, 0, 0, 0, 0, 0, 0, 0, 0, 0, 0, 0, 0, 0, 0, 0, 0, 0, 0, 0, 0, 0, 0, 0, 
    0, 0, 0, 0, 0, 0, 0, 0, 0, 0, 0, 0, 0, 0, 0, 0, 0, 0, 0, 0, 0, 0, 0, 0, 0, 0, 0, 0, 0, 0, 0, 0, 0, 0, 0, 0, 0, 0, 0, 0, 
    0xE601, 0, 0, 0, 0, 0, 0, 0, 0, 0, 0, 0, 0, 0, 0, 0, 0, 0, 0, 0, 0, 0, 0, 0, 0, 0, 0, 0, 0, 0, 0, 0, 0, 0, 0, 0, 0, 0, 
    0, 0, 0, 0, 0, 0, 0, 0, 0, 0, 0, 0, 0, 0, 0, 0, 0, 0, 0, 0, 0, 0, 0, 0, 0, 0, 0, 0, 0, 0, 0, 0, 0, 0, 0, 0, 0, 0, 0, 0, 
    0, 0, 0, 0, 0, 0, 0, 0, 0, 0, 0, 0, 0, 0, 0, 0, 0, 0, 0, 0, 0, 0, 0, 0, 0, 0, 0, 0, 0, 0, 0, 0, 0, 0, 0, 0, 0, 0, 0, 0, 
    0, 0, 0, 0, 0, 0, 0, 0, 0, 0, 0, 0, 0, 0, 0, 0, 0, 0, 0, 0, 0, 0, 0, 0, 0, 0, 0, 0, 0, 0, 0, 0, 0, 0, 0, 0, 0, 0, 0, 0, 
    0, 0, 0, 0xE601, 0xE601, 0xE601, 0xE601, 0xE601, 0xE601, 0xE601, 0, 0, 0, 0, 0, 0, 0, 0, 0, 0, 0, 0, 0, 0, 0, 0, 0, 0, 
    0, 0, 0, 0, 0, 0, 0, 0, 0, 0, 0, 0, 0, 0, 0, 0, 0, 0, 0, 0, 0, 0, 0, 0, 0, 0, 0, 0, 0, 0, 0, 0, 0, 0, 0, 0, 0, 0, 0, 0, 
    0, 0, 0, 0, 0, 0, 0, 0, 0, 0, 0, 0, 0, 0, 0, 0, 0, 0, 0, 0, 0, 0, 0, 0, 0, 0, 0, 0, 0, 0, 0, 0, 0, 0, 0, 0, 0, 0, 0, 0, 
    0, 0, 0, 0, 0, 0, 0, 0, 0, 0, 0, 0, 0, 0, 0, 0, 0, 0, 0, 0, 0, 0xE601, 0, 0, 0, 0, 0, 0, 0, 0, 0, 0, 0, 0, 0, 0, 0, 0, 
    0, 0, 0, 0, 0, 0, 0, 0, 0, 0, 0, 0, 0, 0, 0, 0, 0, 0, 0, 0, 0, 0, 0, 0, 0, 0, 0, 0, 0, 0, 0, 0, 0, 0, 0, 0, 0, 0, 0, 0, 
    0, 0, 0, 0, 0, 0xE601, 0xE601, 0xE601, 0xE601, 0, 0, 0, 0, 0, 0, 0, 0, 0, 0, 0, 0, 0, 0, 0, 0, 0, 0, 0, 0, 0, 0, 0, 0, 
    0, 0, 0, 0, 0, 0, 0, 0, 0, 0, 0, 0, 0, 0, 0, 0, 0, 0, 0, 0, 0, 0, 0, 0, 0, 0, 0, 0, 0, 0, 0, 0, 0, 0, 0, 0, 0, 0, 0, 0, 
    0, 0, 0, 0, 0, 0, 0, 0, 0, 0, 0, 0, 0, 0, 0, 0, 0, 0, 0, 0, 0, 0, 0, 0, 0, 0, 0, 0, 0, 0, 0, 0, 0, 0, 0, 0, 0, 0, 0, 0, 
    0, 0, 0, 0, 0, 0, 0, 0, 0, 0, 0, 0, 0, 0, 0, 0, 0, 0, 0, 0, 0xE801, 0xE801, 0xDC01, 0xE601, 0, 0, 0, 0, 0, 0, 0, 0, 0, 
    0, 0, 0, 0, 0, 0, 0, 0, 0, 0, 0, 0, 0, 0, 0, 0, 0, 0, 0, 0, 0, 0, 0, 0, 0, 0, 0, 0, 0, 0, 0, 0, 0, 0, 0, 0, 0, 0, 0, 0, 
    0, 0, 0, 0, 0, 0, 0, 0, 0, 0, 0, 0, 0, 0, 0, 0, 0, 0, 0, 0, 0, 0, 0, 0, 0, 0, 0, 0, 0, 0, 0, 0, 0, 0, 0, 0, 0, 0, 0, 0, 
    0, 0, 0, 0, 0, 0, 0, 0xDC01, 0xDC01, 0xDC01, 0xDC01, 0xDC01, 0xDC01, 0xDC01, 0, 0, 0, 0, 0, 0, 0, 0, 0, 0, 0, 0, 0, 0, 
    0, 0, 0, 0, 0, 0, 0, 0, 0, 0, 0, 0, 0, 0, 0, 0, 0, 0, 0, 0, 0, 0, 0, 0, 0, 0, 0, 0, 0, 0, 0, 0, 0, 0, 0, 0, 0, 0, 0, 0, 
    0, 0, 0, 0, 0, 0, 0, 0, 0, 0, 0, 0, 0, 0, 0, 0, 0, 0, 0, 0, 0, 0, 0, 0, 0, 0, 0, 0, 0, 0, 0, 0, 0, 0, 0, 0, 0, 0, 0, 0, 
    0, 0, 0, 0, 0, 0, 0, 0, 0, 0, 0, 0, 0, 0, 0, 0xE601, 0xE601, 0xE601, 0xE601, 0xE601, 0xE601, 0x701, 0, 0, 0, 0, 0, 0, 
    0, 0, 0, 0, 0, 0, 0, 0, 0, 0, 0, 0, 0, 0, 0, 0, 0, 0, 0, 0, 0, 0, 0, 0, 0, 0, 0, 0, 0, 0, 0, 0, 0, 0, 0, 0, 0, 0, 0, 0, 
    0, 0, 0, 0, 0, 0, 0, 0x4E3D00000003, 0x4E3800000003, 0x4E4100000003, 0x2012200000003, 0x4F6000000003, 0x4FAE00000003, 
    0x4FBB00000003, 0x500200000003, 0x507A00000003, 0x509900000003, 0x50E700000003, 0x50CF00000003, 0x349E00000003, 
    0x2063A00000003, 0x514D00000003, 0x515400000003, 0x516400000003, 0x517700000003, 0x2051C00000003, 0x34B900000003, 
    0x516700000003, 0x518D00000003, 0x2054B00000003, 0x519700000003, 0x51A400000003, 0x4ECC00000003, 0x51AC00000003, 
    0x51B500000003, 0x291DF00000003, 0x51F500000003, 0x520300000003, 0x34DF00000003, 0x523B00000003, 0x524600000003, 
    0x527200000003, 0x527700000003, 0x351500000003, 0x52C700000003, 0x52C900000003, 0x52E400000003, 0x52FA00000003, 
    0x530500000003, 0x530600000003, 0x531700000003, 0x534900000003, 0x535100000003, 0x535A00000003, 0x537300000003, 
    0x537D00000003, 0x537F00000003, 0x537F00000003, 0x537F00000003, 0x20A2C00000003, 0x707000000003, 0x53CA00000003, 
    0x53DF00000003, 0x20B6300000003, 0x53EB00000003, 0x53F100000003, 0x540600000003, 0x549E00000003, 0x543800000003, 
    0x544800000003, 0x546800000003, 0x54A200000003, 0x54F600000003, 0x551000000003, 0x555300000003, 0x556300000003, 
    0x558400000003, 0x558400000003, 0x559900000003, 0x55AB00000003, 0x55B300000003, 0x55C200000003, 0x571600000003, 
    0x560600000003, 0x571700000003, 0x565100000003, 0x567400000003, 0x520700000003, 0x58EE00000003, 0x57CE00000003, 
    0x57F400000003, 0x580D00000003, 0x578B00000003, 0x583200000003, 0x583100000003, 0x58AC00000003, 0x214E400000003, 
    0x58F200000003, 0x58F700000003, 0x590600000003, 0x591A00000003, 0x592200000003, 0x596200000003, 0x216A800000003, 
    0x216EA00000003, 0x59EC00000003, 0x5A1B00000003, 0x5A2700000003, 0x59D800000003, 0x5A6600000003, 0x36EE00000003, 
    0x36FC00000003, 0x5B0800000003, 0x5B3E00000003, 0x5B3E00000003, 0x219C800000003, 0x5BC300000003, 0x5BD800000003, 
    0x5BE700000003, 0x5BF300000003, 0x21B1800000003, 0x5BFF00000003, 0x5C0600000003, 0x5F5300000003, 0x5C2200000003, 
    0x378100000003, 0x5C6000000003, 0x5C6E00000003, 0x5CC000000003, 0x5C8D00000003, 0x21DE400000003, 0x5D4300000003, 
    0x21DE600000003, 0x5D6E00000003, 0x5D6B00000003, 0x5D7C00000003, 0x5DE100000003, 0x5DE200000003, 0x382F00000003, 
    0x5DFD00000003, 0x5E2800000003, 0x5E3D00000003, 0x5E6900000003, 0x386200000003, 0x2218300000003, 0x387C00000003, 
    0x5EB000000003, 0x5EB300000003, 0x5EB600000003, 0x5ECA00000003, 0x2A39200000003, 0x5EFE00000003, 0x2233100000003, 
    0x2233100000003, 0x820100000003, 0x5F2200000003, 0x5F2200000003, 0x38C700000003, 0x232B800000003, 0x261DA00000003, 
    0x5F6200000003, 0x5F6B00000003, 0x38E300000003, 0x5F9A00000003, 0x5FCD00000003, 0x5FD700000003, 0x5FF900000003, 
    0x608100000003, 0x393A00000003, 0x391C00000003, 0x609400000003, 0x226D400000003, 0x60C700000003, 0x614800000003, 
    0x614C00000003, 0x614E00000003, 0x614C00000003, 0x617A00000003, 0x618E00000003, 0x61B200000003, 0x61A400000003, 
    0x61AF00000003, 0x61DE00000003, 0x61F200000003, 0x61F600000003, 0x621000000003, 0x621B00000003, 0x625D00000003, 
    0x62B100000003, 0x62D400000003, 0x635000000003, 0x22B0C00000003, 0x633D00000003, 0x62FC00000003, 0x636800000003, 
    0x638300000003, 0x63E400000003, 0x22BF100000003, 0x642200000003, 0x63C500000003, 0x63A900000003, 0x3A2E00000003, 
    0x646900000003, 0x647E00000003, 0x649D00000003, 0x647700000003, 0x3A6C00000003, 0x654F00000003, 0x656C00000003, 
    0x2300A00000003, 0x65E300000003, 0x66F800000003, 0x664900000003, 0x3B1900000003, 0x669100000003, 0x3B0800000003, 
    0x3AE400000003, 0x519200000003, 0x519500000003, 0x670000000003, 0x669C00000003, 0x80AD00000003, 0x43D900000003, 
    0x671700000003, 0x671B00000003, 0x672100000003, 0x675E00000003, 0x675300000003, 0x233C300000003, 0x3B4900000003, 
    0x67FA00000003, 0x678500000003, 0x685200000003, 0x688500000003, 0x2346D00000003, 0x688E00000003, 0x681F00000003, 
    0x691400000003, 0x3B9D00000003, 0x694200000003, 0x69A300000003, 0x69EA00000003, 0x6AA800000003, 0x236A300000003, 
    0x6ADB00000003, 0x3C1800000003, 0x6B2100000003, 0x238A700000003, 0x6B5400000003, 0x3C4E00000003, 0x6B7200000003, 
    0x6B9F00000003, 0x6BBA00000003, 0x6BBB00000003, 0x23A8D00000003, 0x21D0B00000003, 0x23AFA00000003, 0x6C4E00000003, 
    0x23CBC00000003, 0x6CBF00000003, 0x6CCD00000003, 0x6C6700000003, 0x6D1600000003, 0x6D3E00000003, 0x6D7700000003, 
    0x6D4100000003, 0x6D6900000003, 0x6D7800000003, 0x6D8500000003, 0x23D1E00000003, 0x6D3400000003, 0x6E2F00000003, 
    0x6E6E00000003, 0x3D3300000003, 0x6ECB00000003, 0x6EC700000003, 0x23ED100000003, 0x6DF900000003, 0x6F6E00000003, 
    0x23F5E00000003, 0x23F8E00000003, 0x6FC600000003, 0x703900000003, 0x701E00000003, 0x701B00000003, 0x3D9600000003, 
    0x704A00000003, 0x707D00000003, 0x707700000003, 0x70AD00000003, 0x2052500000003, 0x714500000003, 0x2426300000003, 
    0x719C00000003, 0x243AB00000003, 0x722800000003, 0x723500000003, 0x725000000003, 0x2460800000003, 0x728000000003, 
    0x729500000003, 0x2473500000003, 0x2481400000003, 0x737A00000003, 0x738B00000003, 0x3EAC00000003, 0x73A500000003, 
    0x3EB800000003, 0x3EB800000003, 0x744700000003, 0x745C00000003, 0x747100000003, 0x748500000003, 0x74CA00000003, 
    0x3F1B00000003, 0x752400000003, 0x24C3600000003, 0x753E00000003, 0x24C9200000003, 0x757000000003, 0x2219F00000003, 
    0x761000000003, 0x24FA100000003, 0x24FB800000003, 0x2504400000003, 0x3FFC00000003, 0x400800000003, 0x76F400000003, 
    0x250F300000003, 0x250F200000003, 0x2511900000003, 0x2513300000003, 0x771E00000003, 0x771F00000003, 0x771F00000003, 
    0x774A00000003, 0x403900000003, 0x778B00000003, 0x404600000003, 0x409600000003, 0x2541D00000003, 0x784E00000003, 
    0x788C00000003, 0x78CC00000003, 0x40E300000003, 0x2562600000003, 0x795600000003, 0x2569A00000003, 0x256C500000003, 
    0x798F00000003, 0x79EB00000003, 0x412F00000003, 0x7A4000000003, 0x7A4A00000003, 0x7A4F00000003, 0x2597C00000003, 
    0x25AA700000003, 0x25AA700000003, 0x7AEE00000003, 0x420200000003, 0x25BAB00000003, 0x7BC600000003, 0x7BC900000003, 
    0x422700000003, 0x25C8000000003, 0x7CD200000003, 0x42A000000003, 0x7CE800000003, 0x7CE300000003, 0x7D0000000003, 
    0x25F8600000003, 0x7D6300000003, 0x430100000003, 0x7DC700000003, 0x7E0200000003, 0x7E4500000003, 0x433400000003, 
    0x2622800000003, 0x2624700000003, 0x435900000003, 0x262D900000003, 0x7F7A00000003, 0x2633E00000003, 0x7F9500000003, 
    0x7FFA00000003, 0x800500000003, 0x264DA00000003, 0x2652300000003, 0x806000000003, 0x265A800000003, 0x807000000003, 
    0x2335F00000003, 0x43D500000003, 0x80B200000003, 0x810300000003, 0x440B00000003, 0x813E00000003, 0x5AB500000003, 
    0x267A700000003, 0x267B500000003, 0x2339300000003, 0x2339C00000003, 0x820100000003, 0x820400000003, 0x8F9E00000003, 
    0x446B00000003, 0x829100000003, 0x828B00000003, 0x829D00000003, 0x52B300000003, 0x82B100000003, 0x82B300000003, 
    0x82BD00000003, 0x82E600000003, 0x26B3C00000003, 0x82E500000003, 0x831D00000003, 0x836300000003, 0x83AD00000003, 
    0x832300000003, 0x83BD00000003, 0x83E700000003, 0x845700000003, 0x835300000003, 0x83CA00000003, 0x83CC00000003, 
    0x83DC00000003, 0x26C3600000003, 0x26D6B00000003, 0x26CD500000003, 0x452B00000003, 0x84F100000003, 0x84F300000003, 
    0x851600000003, 0x273CA00000003, 0x856400000003, 0x26F2C00000003, 0x455D00000003, 0x456100000003, 0x26FB100000003, 
    0x270D200000003, 0x456B00000003, 0x865000000003, 0x865C00000003, 0x866700000003, 0x866900000003, 0x86A900000003, 
    0x868800000003, 0x870E00000003, 0x86E200000003, 0x877900000003, 0x872800000003, 0x876B00000003, 0x878600000003, 
    0x45D700000003, 0x87E100000003, 0x880100000003, 0x45F900000003, 0x886000000003, 0x886300000003, 0x2766700000003, 
    0x88D700000003, 0x88DE00000003, 0x463500000003, 0x88FA00000003, 0x34BB00000003, 0x278AE00000003, 0x2796600000003, 
    0x46BE00000003, 0x46C700000003, 0x8AA000000003, 0x8AED00000003, 0x8B8A00000003, 0x8C5500000003, 0x27CA800000003, 
    0x8CAB00000003, 0x8CC100000003, 0x8D1B00000003, 0x8D7700000003, 0x27F2F00000003, 0x2080400000003, 0x8DCB00000003, 
    0x8DBC00000003, 0x8DF000000003, 0x208DE00000003, 0x8ED400000003, 0x8F3800000003, 0x285D200000003, 0x285ED00000003, 
    0x909400000003, 0x90F100000003, 0x911100000003, 0x2872E00000003, 0x911B00000003, 0x923800000003, 0x92D700000003, 
    0x92D800000003, 0x927C00000003, 0x93F900000003, 0x941500000003, 0x28BFA00000003, 0x958B00000003, 0x499500000003, 
    0x95B700000003, 0x28D7700000003, 0x49E600000003, 0x96C300000003, 0x5DB200000003, 0x972300000003, 0x2914500000003, 
    0x2921A00000003, 0x4A6E00000003, 0x4A7600000003, 0x97E000000003, 0x2940A00000003, 0x4AB200000003, 0x2949600000003, 
    0x980B00000003, 0x980B00000003, 0x982900000003, 0x295B600000003, 0x98E200000003, 0x4B3300000003, 0x992900000003, 
    0x99A700000003, 0x99C200000003, 0x99FE00000003, 0x4BCE00000003, 0x29B3000000003, 0x9B1200000003, 0x9C4000000003, 
    0x9CFD00000003, 0x4CCE00000003, 0x4CED00000003, 0x9D6700000003, 0x2A0CE00000003, 0x4CF800000003, 0x2A10500000003, 
    0x2A20E00000003, 0x2A29100000003, 0x9EBB00000003, 0x4D5600000003, 0x9EF900000003, 0x9EFE00000003, 0x9F0500000003, 
    0x9F0F00000003, 0x9F1600000003, 0x9F3B00000003, 0x2A60000000003, 0, 0, 0, 0, 0, 0, 0, 0, 0, 0, 0, 0, 0, 0, 0, 0, 0, 0, 
    0, 0, 0, 0, 0, 0, 0, 0, 0, 0, 0, 0, 0, 0, 0, 0, 0, 0, 0, 0, 0, 0, 0, 0, 0, 0, 0, 0, 0, 0, 0, 0, 0, 0, 0, 0, 0, 0, 0, 0, 
    0, 0, 0, 0, 0, 0, 0, 0, 0, 0, 0, 0, 0, 0, 0, 0, 0, 0, 0, 0, 0, 0, 0, 0, 0, 0, 0, 0, 0, 0, 0, 0, 0, 0, 0, 0, 0, 0, 0, 0, 
  ],
  expansions: &[
    0xE6000300, 0xE6000301, 0xE6000313, 0xE6000308, 0xE6000301, 0x81000F71, 0x82000F72, 0x81000F71, 0x84000F74, 0x81000F71, 
    0x82000F80, 0x3B1, 0xE6000313, 0xE6000300, 0xF0000345, 0x3B1, 0xE6000314, 0xE6000300, 0xF0000345, 0x3B1, 0xE6000313, 
    0xE6000301, 0xF0000345, 0x3B1, 0xE6000314, 0xE6000301, 0xF0000345, 0x3B1, 0xE6000313, 0xE6000342, 0xF0000345, 0x3B1, 
    0xE6000314, 0xE6000342, 0xF0000345, 0x391, 0xE6000313, 0xE6000300, 0xF0000345, 0x391, 0xE6000314, 0xE6000300, 
    0xF0000345, 0x391, 0xE6000313, 0xE6000301, 0xF0000345, 0x391, 0xE6000314, 0xE6000301, 0xF0000345, 0x391, 0xE6000313, 
    0xE6000342, 0xF0000345, 0x391, 0xE6000314, 0xE6000342, 0xF0000345, 0x3B7, 0xE6000313, 0xE6000300, 0xF0000345, 0x3B7, 
    0xE6000314, 0xE6000300, 0xF0000345, 0x3B7, 0xE6000313, 0xE6000301, 0xF0000345, 0x3B7, 0xE6000314, 0xE6000301, 
    0xF0000345, 0x3B7, 0xE6000313, 0xE6000342, 0xF0000345, 0x3B7, 0xE6000314, 0xE6000342, 0xF0000345, 0x397, 0xE6000313, 
    0xE6000300, 0xF0000345, 0x397, 0xE6000314, 0xE6000300, 0xF0000345, 0x397, 0xE6000313, 0xE6000301, 0xF0000345, 0x397, 
    0xE6000314, 0xE6000301, 0xF0000345, 0x397, 0xE6000313, 0xE6000342, 0xF0000345, 0x397, 0xE6000314, 0xE6000342, 
    0xF0000345, 0x3C9, 0xE6000313, 0xE6000300, 0xF0000345, 0x3C9, 0xE6000314, 0xE6000300, 0xF0000345, 0x3C9, 0xE6000313, 
    0xE6000301, 0xF0000345, 0x3C9, 0xE6000314, 0xE6000301, 0xF0000345, 0x3C9, 0xE6000313, 0xE6000342, 0xF0000345, 0x3C9, 
    0xE6000314, 0xE6000342, 0xF0000345, 0x3A9, 0xE6000313, 0xE6000300, 0xF0000345, 0x3A9, 0xE6000314, 0xE6000300, 
    0xF0000345, 0x3A9, 0xE6000313, 0xE6000301, 0xF0000345, 0x3A9, 0xE6000314, 0xE6000301, 0xF0000345, 0x3A9, 0xE6000313, 
    0xE6000342, 0xF0000345, 0x3A9, 0xE6000314, 0xE6000342, 0xF0000345, 0x11099, 0x70110BA, 0x1109B, 0x70110BA, 0x110A5, 
    0x70110BA, 0x11131, 0x11127, 0x11132, 0x11127, 0x11347, 0x1133E, 0x11347, 0x11357, 0x114B9, 0x114BA, 0x114B9, 0x114B0, 
    0x114B9, 0x114BD, 0x115B8, 0x115AF, 0x115B9, 0x115AF, 0x11935, 0x11930, 0x1D157, 0xD801D165, 0x1D158, 0xD801D165, 
    0x1D158, 0xD801D165, 0xD801D16E, 0x1D158, 0xD801D165, 0xD801D16F, 0x1D158, 0xD801D165, 0xD801D170, 0x1D158, 0xD801D165, 
    0xD801D171, 0x1D158, 0xD801D165, 0xD801D172, 0x1D1B9, 0xD801D165, 0x1D1BA, 0xD801D165, 0x1D1B9, 0xD801D165, 0xD801D16E, 
    0x1D1BA, 0xD801D165, 0xD801D16E, 0x1D1B9, 0xD801D165, 0xD801D16F, 0x1D1BA, 0xD801D165, 0xD801D16F, 
  ],
  continuous_block_end: 0x0FFF,
  dec_starts_at: 0x00C0,
}
